Date;Open;High;Low;Close;Adj Close;Volume;ret;tret;Adj Low;Adj High;Adj Open;Returns;Target;Vol;MM20;Detrend
2010-01-04;22209.033203125;22335.580078125;21829.390625;21955.939453125;21955.939453125;119;;;21829.390625;22335.580078125;22209.033203125;;-0.005763762848552956;;;
2010-01-05;22082.486328125;22145.759765625;21702.84375;21829.390625;21829.390625;143;-0.58;-0.58;21702.84375;22145.759765625;22082.486328125;-0.005763762848552956;0.06376813513318136;;;
2010-01-06;21955.939453125;23537.779296875;21829.390625;23221.41015625;23221.41015625;680;6.38;5.8;21829.390625;23537.779296875;21955.939453125;0.06376813513318136;0.008174450403646505;;;
2010-01-07;23221.41015625;23854.146484375;22905.04296875;23411.232421875;23411.232421875;410;0.82;6.62;22905.04296875;23854.146484375;23221.41015625;0.008174450403646505;-0.005405474852607672;;;
2010-01-08;23537.779296875;23790.873046875;23031.58984375;23284.68359375;23284.68359375;236;-0.54;6.08;23031.58984375;23790.873046875;23537.779296875;-0.005405474852607672;-0.002717384466284223;;;
2010-01-11;23411.232421875;23664.326171875;23158.13671875;23221.41015625;23221.41015625;175;-0.27;5.8100000000000005;23158.13671875;23664.326171875;23411.232421875;-0.002717384466284223;-0.019073521354636136;;;
2010-01-12;23094.86328125;23411.232421875;22398.853515625;22778.49609375;22778.49609375;217;-1.91;3.9000000000000004;22398.853515625;23411.232421875;23094.86328125;-0.019073521354636136;0.03888887459818102;;;
2010-01-13;22841.76953125;24360.3359375;22651.94921875;23664.326171875;23664.326171875;413;3.89;7.790000000000001;22651.94921875;24360.3359375;22841.76953125;0.03888887459818102;0.0;;;
2010-01-14;23790.873046875;24297.0625;23411.232421875;23664.326171875;23664.326171875;198;0.0;7.790000000000001;23411.232421875;24297.0625;23790.873046875;0.0;-0.02406419208765831;;;
2010-01-15;23411.232421875;23664.326171875;22841.76953125;23094.86328125;23094.86328125;141;-2.41;5.380000000000001;22841.76953125;23664.326171875;23411.232421875;-0.02406419208765831;0.016438399028463557;;;
2010-01-18;23284.68359375;23854.146484375;22968.31640625;23474.505859375;23474.505859375;129;1.64;7.0200000000000005;22968.31640625;23854.146484375;23284.68359375;0.016438399028463557;0.05390829995339863;;;
2010-01-19;23537.779296875;25372.712890625;23537.779296875;24739.9765625;24739.9765625;1008;5.39;12.41;23537.779296875;25372.712890625;23537.779296875;0.05390829995339863;-0.033248076793726766;;;
2010-01-20;24676.703125;25689.08203125;23854.146484375;23917.419921875;23917.419921875;413;-3.32;9.09;23854.146484375;25689.08203125;24676.703125;-0.033248076793726766;-0.047619008732766144;;;
2010-01-21;24423.609375;24423.609375;22778.49609375;22778.49609375;22778.49609375;235;-4.76;4.33;22778.49609375;24423.609375;24423.609375;-0.047619008732766144;-0.0027777706324237927;;;
2010-01-22;22778.49609375;23347.95703125;22525.400390625;22715.22265625;22715.22265625;126;-0.28;4.05;22525.400390625;23347.95703125;22778.49609375;-0.0027777706324237927;0.0;;;
2010-01-26;22715.22265625;22778.49609375;22145.759765625;22715.22265625;22715.22265625;186;0.0;4.05;22145.759765625;22778.49609375;22715.22265625;0.0;0.00278550813511802;;;
2010-01-27;22715.22265625;23094.86328125;22272.306640625;22778.49609375;22778.49609375;161;0.28;4.33;22272.306640625;23094.86328125;22715.22265625;0.00278550813511802;-0.013888938906366444;;;
2010-01-28;23031.58984375;23094.86328125;22209.033203125;22462.126953125;22462.126953125;96;-1.39;2.9400000000000004;22209.033203125;23094.86328125;23031.58984375;-0.013888938906366444;-0.008450682916009034;;;
2010-01-29;22462.126953125;22715.22265625;21829.390625;22272.306640625;22272.306640625;248;-0.85;2.0900000000000003;21829.390625;22715.22265625;22462.126953125;-0.008450682916009034;-0.005681803732406232;;;
2010-02-01;22335.580078125;22462.126953125;21955.939453125;22145.759765625;22145.759765625;256;-0.57;1.5200000000000005;21955.939453125;22462.126953125;22335.580078125;-0.005681803732406232;-0.04285712143857956;;23006.28056640625;-860.5208007812507
2010-02-02;22145.759765625;22145.759765625;21133.3828125;21196.65625;21196.65625;863;-4.29;-2.7699999999999996;21133.3828125;22145.759765625;22145.759765625;-0.04285712143857956;0.02089546847748691;0.4507;22968.31640625;-1771.66015625
2010-02-03;20880.287109375;21892.666015625;20753.740234375;21639.5703125;21639.5703125;1548;2.09;-0.6799999999999997;20753.740234375;21892.666015625;20880.287109375;0.02089546847748691;-0.06432750332597437;0.4572;22958.825390625;-1319.2550781249993
2010-02-04;21070.109375;21386.4765625;20247.55078125;20247.55078125;20247.55078125;1106;-6.43;-7.109999999999999;20247.55078125;21386.4765625;21070.109375;-0.06432750332597437;-0.031249921624393995;0.446;22810.132421875;-2562.5816406250015
2010-02-05;19931.18359375;20563.919921875;19045.353515625;19614.81640625;19614.81640625;932;-3.12;-10.23;19045.353515625;20563.919921875;19931.18359375;-0.031249921624393995;0.02580638480198627;0.4508;22620.31162109375;-3005.4952148437515
2010-02-08;19931.18359375;20437.373046875;19931.18359375;20121.00390625;20121.00390625;290;2.58;-7.65;19931.18359375;20437.373046875;19931.18359375;0.02580638480198627;0.018867973978528685;0.4669;22462.12763671875;-2341.1237304687493
2010-02-09;20310.826171875;20880.287109375;20184.27734375;20500.646484375;20500.646484375;369;1.89;-5.760000000000001;20184.27734375;20880.287109375;20310.826171875;0.018867973978528685;-0.01234574252660292;0.4756;22326.089453125;-1825.4429687500015
2010-02-10;20690.466796875;20753.740234375;20121.00390625;20247.55078125;20247.55078125;179;-1.23;-6.99;20121.00390625;20753.740234375;20690.466796875;-0.01234574252660292;0.0187500494369206;0.4737;22199.5421875;-1951.9914062499993
2010-02-11;20374.099609375;21070.109375;20247.55078125;20627.193359375;20627.193359375;361;1.88;-5.11;20247.55078125;21070.109375;20374.099609375;0.0187500494369206;-0.0030674768204100866;0.4537;22047.685546875;-1420.4921875
2010-02-12;20437.373046875;20690.466796875;20374.099609375;20563.919921875;20563.919921875;96;-0.31;-5.42;20374.099609375;20690.466796875;20437.373046875;-0.0030674768204100866;0.036923077215317734;0.4533;21892.665234375;-1328.7453124999993
2010-02-17;20880.287109375;21386.4765625;20563.919921875;21323.203125;21323.203125;228;3.69;-1.73;20563.919921875;21386.4765625;20880.287109375;0.036923077215317734;0.0029673514400758716;0.4734;21804.0822265625;-480.8791015624993
2010-02-18;21386.4765625;21449.75;20880.287109375;21386.4765625;21386.4765625;611;0.3;-1.43;20880.287109375;21449.75;21386.4765625;0.0029673514400758716;-0.008875716948758106;0.4682;21699.68076171875;-313.20419921875146
2010-02-19;21196.65625;21449.75;20437.373046875;21196.65625;21196.65625;335;-0.89;-2.32;20437.373046875;21449.75;21196.65625;-0.008875716948758106;-0.014925426769847205;0.4148;21522.51474609375;-325.85849609375146
2010-02-22;21323.203125;21513.0234375;20880.287109375;20880.287109375;20880.287109375;198;-1.49;-3.8099999999999996;20880.287109375;21513.0234375;21323.203125;-0.014925426769847205;-0.02424236301677707;0.4046;21370.65810546875;-490.37099609374854
2010-02-23;20817.013671875;20817.013671875;20121.00390625;20374.099609375;20374.099609375;181;-2.42;-6.2299999999999995;20121.00390625;20817.013671875;20817.013671875;-0.02424236301677707;-0.01863358800652526;0.3809;21250.43828125;-876.3386718750007
2010-02-24;20500.646484375;20563.919921875;19804.63671875;19994.45703125;19994.45703125;252;-1.86;-8.09;19804.63671875;20563.919921875;20500.646484375;-0.01863358800652526;-0.018987293548739403;0.3837;21114.4;-1119.9429687500015
2010-02-25;19804.63671875;19804.63671875;19235.173828125;19614.81640625;19614.81640625;455;-1.9;-9.99;19235.173828125;19804.63671875;19804.63671875;-0.018987293548739403;0.0;0.3856;20959.3796875;-1344.5632812500007
2010-02-26;19931.18359375;20057.73046875;19361.720703125;19614.81640625;19614.81640625;322;0.0;-9.99;19361.720703125;20057.73046875;19931.18359375;0.0;0.01612899050124139;0.3848;20801.195703125;-1186.3792968749985
2010-03-01;19994.45703125;20437.373046875;19678.08984375;19931.18359375;19931.18359375;152;1.61;-8.38;19678.08984375;20437.373046875;19994.45703125;0.01612899050124139;-0.02222226359722501;0.3925;20674.64853515625;-743.4649414062515
2010-03-02;20184.27734375;20184.27734375;19488.267578125;19488.267578125;19488.267578125;301;-2.22;-10.600000000000001;19488.267578125;20184.27734375;20184.27734375;-0.02222226359722501;-0.009740235335903735;0.3968;20535.44658203125;-1047.1790039062507
2010-03-03;19614.81640625;19994.45703125;19235.173828125;19298.447265625;19298.447265625;389;-0.97;-11.570000000000002;19235.173828125;19994.45703125;19614.81640625;-0.009740235335903735;0.019672182580265485;0.397;20393.08095703125;-1094.6336914062485
2010-03-04;19424.994140625;19678.08984375;19045.353515625;19678.08984375;19678.08984375;290;1.97;-9.600000000000001;19045.353515625;19678.08984375;19424.994140625;0.019672182580265485;-0.0032154257858567625;0.3829;20317.15263671875;-639.0627929687507
2010-03-05;20057.73046875;20374.099609375;19361.720703125;19614.81640625;19614.81640625;712;-0.32;-9.920000000000002;19361.720703125;20374.099609375;20057.73046875;-0.0032154257858567625;-0.012903291974955988;0.372;20215.91494140625;-601.0985351562485
2010-03-08;19741.36328125;19804.63671875;19298.447265625;19361.720703125;19361.720703125;152;-1.29;-11.21;19298.447265625;19804.63671875;19741.36328125;-0.012903291974955988;0.00326796561473941;0.3005;20171.6234375;-809.9027343749985
2010-03-09;19361.720703125;19741.36328125;19361.720703125;19424.994140625;19424.994140625;160;0.33;-10.88;19361.720703125;19741.36328125;19361.720703125;0.00326796561473941;-0.006514641604722149;0.2803;20162.13232421875;-737.13818359375
2010-03-10;19551.54296875;19614.81640625;19108.626953125;19298.447265625;19298.447265625;391;-0.65;-11.530000000000001;19108.626953125;19614.81640625;19551.54296875;-0.006514641604722149;0.0032786802289894723;0.2633;20121.0044921875;-822.5572265625015
2010-03-11;19298.447265625;19488.267578125;19171.900390625;19361.720703125;19361.720703125;183;0.33;-11.200000000000001;19171.900390625;19488.267578125;19298.447265625;0.0032786802289894723;-0.006535931229478709;0.2526;20064.058203125;-702.3375000000015
2010-03-12;19424.994140625;19488.267578125;19235.173828125;19235.173828125;19235.173828125;165;-0.65;-11.850000000000001;19235.173828125;19488.267578125;19424.994140625;-0.006535931229478709;-0.023026257337606548;0.2505;20013.43935546875;-778.2655273437485
2010-03-15;19361.720703125;19361.720703125;18222.796875;18792.259765625;18792.259765625;544;-2.3;-14.150000000000002;18222.796875;19361.720703125;19361.720703125;-0.023026257337606548;0.03030295156634999;0.2475;19921.69267578125;-1129.4329101562507
2010-03-16;18918.806640625;19741.36328125;18475.890625;19361.720703125;19361.720703125;435;3.03;-11.120000000000003;18475.890625;19741.36328125;18918.806640625;0.03030295156634999;-0.013071862458957528;0.2767;19861.58271484375;-499.8620117187493
2010-03-17;19678.08984375;19678.08984375;19108.626953125;19108.626953125;19108.626953125;216;-1.31;-12.430000000000003;19108.626953125;19678.08984375;19678.08984375;-0.013071862458957528;0.009933749450739882;0.2351;19750.85390625;-642.2269531249985
2010-03-18;19235.173828125;19361.720703125;19045.353515625;19298.447265625;19298.447265625;91;0.99;-11.440000000000003;19045.353515625;19361.720703125;19235.173828125;0.009933749450739882;-0.01639340114494725;0.2397;19646.45244140625;-348.0051757812507
2010-03-19;19361.720703125;19424.994140625;18792.259765625;18982.080078125;18982.080078125;271;-1.64;-13.080000000000004;18792.259765625;19424.994140625;19361.720703125;-0.01639340114494725;0.019999948553451663;0.2427;19535.7236328125;-553.6435546875
2010-03-22;18918.806640625;19424.994140625;18602.4375;19361.720703125;19361.720703125;214;2.0;-11.080000000000004;18602.4375;19424.994140625;18918.806640625;0.019999948553451663;0.00653593122947882;0.2559;19459.7953125;-98.07460937499854
2010-03-23;19171.900390625;19614.81640625;19171.900390625;19488.267578125;19488.267578125;105;0.65;-10.430000000000003;19171.900390625;19614.81640625;19171.900390625;0.00653593122947882;-0.0032467451119678747;0.2461;19415.5037109375;72.76386718749927
2010-03-24;19424.994140625;19678.08984375;19235.173828125;19424.994140625;19424.994140625;146;-0.32;-10.750000000000004;19235.173828125;19678.08984375;19424.994140625;-0.0032467451119678747;-0.009771962407083223;0.2384;19387.03056640625;37.96357421874927
2010-03-25;19424.994140625;19488.267578125;19108.626953125;19235.173828125;19235.173828125;385;-0.98;-11.730000000000004;19108.626953125;19488.267578125;19424.994140625;-0.009771962407083223;-0.0032894653339438085;0.2315;19368.0484375;-132.87460937500146
2010-03-26;19424.994140625;19424.994140625;19045.353515625;19171.900390625;19171.900390625;166;-0.33;-12.060000000000004;19045.353515625;19424.994140625;19424.994140625;-0.0032894653339438085;0.01650160813764212;0.2316;19345.90263671875;-174.00224609375073
2010-03-29;19235.173828125;19488.267578125;19045.353515625;19488.267578125;19488.267578125;111;1.65;-10.410000000000004;19045.353515625;19488.267578125;19235.173828125;0.01650160813764212;0.061688357568500995;0.232;19323.7568359375;164.5107421875
2010-03-30;19614.81640625;20817.013671875;19488.267578125;20690.466796875;20690.466796875;1362;6.17;-4.240000000000004;19488.267578125;20817.013671875;19614.81640625;0.061688357568500995;-0.024464863847414642;0.3088;19383.866796875;1306.5999999999985
2010-03-31;20184.27734375;20627.193359375;20057.73046875;20184.27734375;20184.27734375;662;-2.45;-6.690000000000004;20057.73046875;20627.193359375;20184.27734375;-0.024464863847414642;0.0;0.3211;19428.15830078125;756.1190429687485
2010-04-01;20310.826171875;20500.646484375;20184.27734375;20184.27734375;20184.27734375;245;0.0;-6.690000000000004;20184.27734375;20500.646484375;20310.826171875;0.0;0.006269673467610426;0.3146;19453.46767578125;730.8096679687515
2010-04-05;19994.45703125;20690.466796875;19804.63671875;20310.826171875;20310.826171875;241;0.63;-6.060000000000004;19804.63671875;20690.466796875;19994.45703125;0.006269673467610426;-0.02180689312571238;0.3146;19488.2681640625;822.5580078124985
2010-04-06;20247.55078125;20374.099609375;19804.63671875;19867.91015625;19867.91015625;288;-2.18;-8.240000000000004;19804.63671875;20374.099609375;20247.55078125;-0.02180689312571238;-0.003184705235849683;0.3216;19513.57763671875;354.33251953125
2010-04-07;19867.91015625;20121.00390625;19614.81640625;19804.63671875;19804.63671875;297;-0.32;-8.560000000000004;19614.81640625;20121.00390625;19867.91015625;-0.003184705235849683;0.022364159908102366;0.322;19532.559765625;272.0769531250007
2010-04-08;19614.81640625;20247.55078125;19551.54296875;20247.55078125;20247.55078125;0;2.24;-6.320000000000004;19551.54296875;20247.55078125;19614.81640625;0.022364159908102366;-0.021874945137075774;0.3291;19580.01494140625;667.5358398437493
2010-04-09;19994.45703125;20057.73046875;19551.54296875;19804.63671875;19804.63671875;133;-2.19;-8.510000000000003;19551.54296875;20057.73046875;19994.45703125;-0.021874945137075774;0.0;0.3403;19602.1607421875;202.47597656249854
2010-04-12;19741.36328125;20310.826171875;19741.36328125;19804.63671875;19804.63671875;206;0.0;-8.510000000000003;19741.36328125;20310.826171875;19741.36328125;0.0;0.003194879986871735;0.3391;19630.63388671875;174.00283203124854
2010-04-13;19867.91015625;20121.00390625;19614.81640625;19867.91015625;19867.91015625;99;0.32;-8.190000000000003;19614.81640625;20121.00390625;19867.91015625;0.003194879986871735;0.031847150664004564;0.3263;19684.41640625;183.49375000000146
2010-04-14;19994.45703125;20627.193359375;19994.45703125;20500.646484375;20500.646484375;439;3.18;-5.010000000000003;19994.45703125;20627.193359375;19994.45703125;0.031847150664004564;-0.009259235441412828;0.3281;19741.3626953125;759.2837890625015
2010-04-15;20374.099609375;20563.919921875;19994.45703125;20310.826171875;20310.826171875;193;-0.93;-5.940000000000003;19994.45703125;20563.919921875;20374.099609375;-0.009259235441412828;-0.024922149834846974;0.3259;19801.47265625;509.353515625
2010-04-16;20310.826171875;20310.826171875;19614.81640625;19804.63671875;19804.63671875;147;-2.49;-8.430000000000003;19614.81640625;20310.826171875;20310.826171875;-0.024922149834846974;-0.02555913851455638;0.3396;19826.78212890625;-22.145410156248545
2010-04-19;19741.36328125;19931.18359375;19235.173828125;19298.447265625;19298.447265625;177;-2.56;-10.990000000000004;19235.173828125;19931.18359375;19741.36328125;-0.02555913851455638;0.009836040686968417;0.3474;19842.60048828125;-544.1532226562485
2010-04-20;19488.267578125;19741.36328125;19235.173828125;19488.267578125;19488.267578125;205;0.98;-10.010000000000003;19235.173828125;19741.36328125;19488.267578125;0.009836040686968417;-0.01948047067180747;0.3419;19848.92783203125;-360.66025390625146
2010-04-22;19488.267578125;19488.267578125;18918.806640625;19108.626953125;19108.626953125;199;-1.95;-11.960000000000003;18918.806640625;19488.267578125;19488.267578125;-0.01948047067180747;0.0;0.3483;19829.94580078125;-721.31884765625
2010-04-23;19171.900390625;19614.81640625;19045.353515625;19108.626953125;19108.626953125;126;0.0;-11.960000000000003;19045.353515625;19614.81640625;19171.900390625;0.0;-0.003311249816913331;0.3482;19814.12744140625;-705.50048828125
2010-04-26;19361.720703125;19361.720703125;18982.080078125;19045.353515625;19045.353515625;83;-0.33;-12.290000000000003;18982.080078125;19361.720703125;19361.720703125;-0.003311249816913331;-0.05980071623851002;0.3467;19804.63642578125;-759.2829101562493
2010-04-27;19171.900390625;19171.900390625;17906.427734375;17906.427734375;17906.427734375;678;-5.98;-18.270000000000003;17906.427734375;19171.900390625;19171.900390625;-0.05980071623851002;-0.007067120079850886;0.4061;19741.36279296875;-1834.93505859375
2010-04-28;17969.701171875;18286.0703125;17590.060546875;17779.880859375;17779.880859375;194;-0.71;-18.980000000000004;17590.060546875;18286.0703125;17969.701171875;-0.007067120079850886;0.024911078939624076;0.3996;19655.94345703125;-1876.0625976562515
2010-04-29;18096.25;18286.0703125;17843.154296875;18222.796875;18222.796875;156;2.49;-16.490000000000002;17843.154296875;18286.0703125;18096.25;0.024911078939624076;-0.017361173632958082;0.3352;19532.5599609375;-1309.7630859374985
2010-04-30;18222.796875;18222.796875;17779.880859375;17906.427734375;17906.427734375;250;-1.74;-18.23;17779.880859375;18222.796875;18222.796875;-0.017361173632958082;0.056537178786728814;0.331;19418.66748046875;-1512.23974609375
2010-05-03;18222.796875;18918.806640625;17463.513671875;18918.806640625;18918.806640625;0;5.65;-12.58;17463.513671875;18918.806640625;18222.796875;0.056537178786728814;-0.07357861189092496;0.3981;19355.3939453125;-436.58730468749854
2010-05-04;17843.154296875;18096.25;17083.87109375;17526.787109375;17526.787109375;249;-7.36;-19.94;17083.87109375;18096.25;17843.154296875;-0.07357861189092496;-0.02888090383971409;0.4683;19216.1919921875;-1689.4048828125015
2010-05-05;17273.693359375;17400.240234375;16767.50390625;17020.59765625;17020.59765625;312;-2.89;-22.830000000000002;16767.50390625;17400.240234375;17273.693359375;-0.02888090383971409;-0.052044593028713115;0.4719;19073.8263671875;-2053.2287109374993
2010-05-06;17083.87109375;17083.87109375;15375.484375;16134.767578125;16134.767578125;325;-5.2;-28.03;15375.484375;17083.87109375;17083.87109375;-0.052044593028713115;-0.050980383612107105;0.4975;18890.33291015625;-2755.5653320312485
2010-05-07;16071.494140625;16071.494140625;14932.5693359375;15312.2109375;15312.2109375;289;-5.1;-33.13;14932.5693359375;16071.494140625;16071.494140625;-0.050980383612107105;0.0909091141006233;0.5028;18643.56591796875;-3331.35498046875
2010-05-10;16261.314453125;16767.50390625;16008.220703125;16704.23046875;16704.23046875;225;9.09;-24.040000000000003;16008.220703125;16767.50390625;16261.314453125;0.0909091141006233;-0.0037878690442143537;0.6227;18488.54560546875;-1784.3151367187493
2010-05-11;16324.5888671875;17020.59765625;16261.314453125;16640.95703125;16640.95703125;112;-0.38;-24.42;16261.314453125;17020.59765625;16324.5888671875;-0.0037878690442143537;0.019011357754598723;0.6222;18330.36162109375;-1689.4045898437507
2010-05-12;16577.68359375;17083.87109375;16577.68359375;16957.32421875;16957.32421875;85;1.9;-22.520000000000003;16577.68359375;17083.87109375;16577.68359375;0.019011357754598723;0.0;0.6285;18184.83232421875;-1227.5081054687507
2010-05-13;17083.87109375;17210.41796875;16704.23046875;16957.32421875;16957.32421875;152;0.0;-22.520000000000003;16704.23046875;17210.41796875;17083.87109375;0.0;-0.014925335314409427;0.6122;18007.6662109375;-1050.3419921874993
2010-05-14;16830.77734375;16830.77734375;16071.494140625;16704.23046875;16704.23046875;185;-1.49;-24.01;16071.494140625;16830.77734375;16830.77734375;-0.014925335314409427;-0.03787880736611682;0.6126;17827.33642578125;-1123.10595703125
2010-05-17;16451.134765625;16704.23046875;16008.220703125;16071.494140625;16071.494140625;179;-3.79;-27.8;16008.220703125;16704.23046875;16451.134765625;-0.03787880736611682;-0.05511809109806587;0.6188;17640.679296875;-1569.1851562500015
2010-05-18;16387.861328125;16704.23046875;15059.1162109375;15185.6640625;15185.6640625;171;-5.51;-33.31;15059.1162109375;16704.23046875;16387.861328125;-0.05511809109806587;-0.033333376205456955;0.6374;17435.04013671875;-2249.3760742187515
2010-05-19;14742.748046875;15185.6640625;14173.2861328125;14679.474609375;14679.474609375;264;-3.33;-36.64;14173.2861328125;15185.6640625;14742.748046875;-0.033333376205456955;0.01724140225024562;0.637;17194.60048828125;-2515.1258789062485
2010-05-20;13983.4658203125;15565.3056640625;13793.64453125;14932.5693359375;14932.5693359375;401;1.72;-34.92;13793.64453125;15565.3056640625;13983.4658203125;0.01724140225024562;0.04237290407902039;0.6456;16985.797607421875;-2053.228271484375
2010-05-21;14616.201171875;16134.767578125;14616.201171875;15565.3056640625;15565.3056640625;278;4.24;-30.68;14616.201171875;16134.767578125;14616.201171875;0.04237290407902039;0.028455274096230054;0.6725;16808.63154296875;-1243.3258789062493
2010-05-24;15881.6728515625;16577.68359375;15628.5791015625;16008.220703125;16008.220703125;214;2.85;-27.83;15628.5791015625;16577.68359375;15881.6728515625;0.028455274096230054;-0.03162059435038811;0.6856;16656.77490234375;-648.55419921875
2010-05-25;15185.6640625;15628.5791015625;14995.8427734375;15502.03125;15502.03125;192;-3.16;-30.99;14995.8427734375;15628.5791015625;15185.6640625;-0.03162059435038811;0.06530620987169011;0.6642;16536.555078125;-1034.5238281249985
2010-05-26;16071.494140625;16704.23046875;15818.3994140625;16514.41015625;16514.41015625;319;6.53;-24.459999999999997;15818.3994140625;16704.23046875;16071.494140625;0.06530620987169011;0.04214548421135045;0.7112;16473.28154296875;41.12861328124927
2010-05-27;16577.68359375;17590.060546875;16577.68359375;17210.41796875;17210.41796875;164;4.21;-20.249999999999996;16577.68359375;17590.060546875;16577.68359375;0.04214548421135045;0.011029497712935932;0.7226;16422.66259765625;787.75537109375
2010-05-28;17210.41796875;17463.513671875;16894.05078125;17400.240234375;17400.240234375;140;1.1;-19.149999999999995;16894.05078125;17463.513671875;17210.41796875;0.011029497712935932;0.018181771242157918;0.7216;16397.35322265625;1002.8870117187507
2010-05-31;17590.060546875;17716.607421875;17147.14453125;17716.607421875;17716.607421875;88;1.82;-17.329999999999995;17147.14453125;17716.607421875;17590.060546875;0.018181771242157918;0.017857207821536658;0.6937;16337.24326171875;1379.3641601562504
2010-06-01;17210.41796875;18032.9765625;17020.59765625;18032.9765625;18032.9765625;149;1.79;-15.539999999999996;17020.59765625;18032.9765625;17210.41796875;0.017857207821536658;0.0;0.6433;16362.552734375;1670.423828125
2010-06-02;17716.607421875;18159.5234375;17653.333984375;18032.9765625;18032.9765625;91;0.0;-15.539999999999996;17653.333984375;18159.5234375;17716.607421875;0.0;-0.04210526201780507;0.6329;16413.1716796875;1619.8048828124993
2010-06-04;17843.154296875;17843.154296875;17020.59765625;17273.693359375;17273.693359375;76;-4.21;-19.749999999999996;17020.59765625;17843.154296875;17843.154296875;-0.04210526201780507;-0.010989095480381295;0.6222;16470.11796875;803.5753906249993
2010-06-07;17463.513671875;17463.513671875;16767.50390625;17083.87109375;17083.87109375;157;-1.1;-20.849999999999998;16767.50390625;17463.513671875;17463.513671875;-0.010989095480381295;0.02592597504362093;0.5906;16558.7009765625;525.1701171874993
2010-06-08;17273.693359375;17590.060546875;17020.59765625;17526.787109375;17526.787109375;51;2.59;-18.259999999999998;17020.59765625;17590.060546875;17273.693359375;0.02592597504362093;0.003610099050393334;0.5059;16599.82880859375;926.9583007812507
2010-06-09;17590.060546875;17969.701171875;17400.240234375;17590.060546875;17590.060546875;73;0.36;-17.9;17400.240234375;17969.701171875;17590.060546875;0.003610099050393334;0.0035971131157499503;0.5053;16647.283984375;942.7765624999993
2010-06-10;17716.607421875;17969.701171875;17463.513671875;17653.333984375;17653.333984375;57;0.36;-17.54;17463.513671875;17969.701171875;17716.607421875;0.0035971131157499503;-0.0035842202700069326;0.5019;16682.08447265625;971.24951171875
2010-06-11;17779.880859375;17779.880859375;17526.787109375;17590.060546875;17590.060546875;77;-0.36;-17.9;17526.787109375;17779.880859375;17779.880859375;-0.0035842202700069326;0.007194226231499901;0.5023;16713.7212890625;876.3392578124985
2010-06-14;17843.154296875;18286.0703125;17653.333984375;17716.607421875;17716.607421875;165;0.72;-17.18;17653.333984375;18286.0703125;17843.154296875;0.007194226231499901;0.010714258547357414;0.4983;16764.34013671875;952.2672851562493
2010-06-15;17716.607421875;18032.9765625;17716.607421875;17906.427734375;17906.427734375;58;1.07;-16.11;17716.607421875;18032.9765625;17716.607421875;0.010714258547357414;-0.010600680119776329;0.4742;16856.08681640625;1050.3409179687515
2010-06-16;18032.9765625;18032.9765625;17526.787109375;17716.607421875;17716.607421875;115;-1.06;-17.169999999999998;17526.787109375;18032.9765625;18032.9765625;-0.010600680119776329;0.0;0.4217;16982.633984375;733.9734375000007
2010-06-17;17716.607421875;17779.880859375;17463.513671875;17716.607421875;17716.607421875;60;0.0;-17.169999999999998;17463.513671875;17779.880859375;17716.607421875;0.0;0.007142839031571535;0.394;17134.490625;582.1167968750015
2010-06-18;17400.240234375;18096.25;17400.240234375;17843.154296875;17843.154296875;0;0.71;-16.459999999999997;17400.240234375;18096.25;17400.240234375;0.007142839031571535;-0.007092180726261166;0.393;17280.019873046876;563.1344238281235
2010-06-21;17716.607421875;17969.701171875;17653.333984375;17716.607421875;17716.607421875;40;-0.71;-17.169999999999998;17653.333984375;17969.701171875;17716.607421875;-0.007092180726261166;0.0607143522535738;0.3766;17387.5849609375;329.0224609375
2010-06-22;17779.880859375;19171.900390625;17590.060546875;18792.259765625;18792.259765625;393;6.07;-11.099999999999998;17590.060546875;19171.900390625;17779.880859375;0.0607143522535738;-0.0067340931693847805;0.4165;17526.7869140625;1265.4728515624993
2010-06-23;18982.080078125;19361.720703125;18665.7109375;18665.7109375;18665.7109375;154;-0.67;-11.769999999999998;18665.7109375;19361.720703125;18982.080078125;-0.0067340931693847805;-0.0033898219956295383;0.3936;17684.9708984375;980.7400390625007
2010-06-24;18728.984375;18918.806640625;18222.796875;18602.4375;18602.4375;67;-0.34;-12.109999999999998;18222.796875;18918.806640625;18728.984375;-0.0033898219956295383;-0.0034013519733636643;0.336;17789.372265625;813.0652343750007
2010-06-25;18602.4375;18728.984375;18349.34375;18539.1640625;18539.1640625;15;-0.34;-12.449999999999998;18349.34375;18728.984375;18602.4375;-0.0034013519733636643;0.0;0.3091;17855.8095703125;683.3544921875
2010-06-28;18665.7109375;18982.080078125;18539.1640625;18539.1640625;18539.1640625;41;0.0;-12.449999999999998;18539.1640625;18982.080078125;18665.7109375;0.0;-0.054607475812395445;0.3083;17912.75576171875;626.4083007812515
2010-06-29;18032.9765625;18096.25;16134.767578125;17526.787109375;17526.787109375;148;-5.46;-17.909999999999997;16134.767578125;18096.25;18032.9765625;-0.054607475812395445;-0.007220198100786557;0.3649;17903.26474609375;-376.47763671875146
2010-06-30;17463.513671875;17779.880859375;17083.87109375;17400.240234375;17400.240234375;70;-0.72;-18.629999999999995;17083.87109375;17779.880859375;17463.513671875;-0.007220198100786557;0.025454479739021263;0.3592;17871.6279296875;-471.3876953125
2010-07-01;17526.787109375;17843.154296875;17083.87109375;17843.154296875;17843.154296875;41;2.55;-16.079999999999995;17083.87109375;17843.154296875;17526.787109375;0.025454479739021263;0.003546090363130583;0.3718;17862.13681640625;-18.982519531251455
2010-07-02;17716.607421875;18222.796875;17716.607421875;17906.427734375;17906.427734375;46;0.35;-15.729999999999995;17716.607421875;18222.796875;17716.607421875;0.003546090363130583;-0.014134240159701772;0.3373;17893.77353515625;12.654199218748545
2010-07-05;17969.701171875;17969.701171875;17400.240234375;17653.333984375;17653.333984375;16;-1.41;-17.139999999999993;17400.240234375;17969.701171875;17969.701171875;-0.014134240159701772;0.01075266081002102;0.3391;17922.2466796875;-268.91269531250146
2010-07-06;17906.427734375;18286.0703125;17843.154296875;17843.154296875;17843.154296875;96;1.08;-16.059999999999995;17843.154296875;18286.0703125;17906.427734375;0.01075266081002102;0.03900710345518332;0.329;17938.0650390625;-94.91074218750146
2010-07-07;17779.880859375;18539.1640625;17779.880859375;18539.1640625;18539.1640625;80;3.9;-12.159999999999995;17779.880859375;18539.1640625;17779.880859375;0.03900710345518332;-0.0068259213076371505;0.3555;17985.52021484375;553.6438476562507
2010-07-08;18602.4375;18602.4375;18349.34375;18412.6171875;18412.6171875;20;-0.68;-12.839999999999995;18349.34375;18602.4375;18602.4375;-0.0068259213076371505;0.03780069712726708;0.3571;18023.484375;389.1328125
2010-07-12;19045.353515625;19108.626953125;19045.353515625;19108.626953125;19108.626953125;42;3.78;-9.059999999999995;19045.353515625;19108.626953125;19045.353515625;0.03780069712726708;-0.03311260038082031;0.3776;18099.4126953125;1009.2142578124985
2010-07-13;18222.796875;18475.890625;18096.25;18475.890625;18475.890625;84;-3.31;-12.369999999999996;18096.25;18475.890625;18222.796875;-0.03311260038082031;0.006849297691163381;0.4001;18137.37685546875;338.51376953125146
2010-07-14;18286.0703125;18982.080078125;18032.9765625;18602.4375;18602.4375;225;0.68;-11.689999999999996;18032.9765625;18982.080078125;18286.0703125;0.006849297691163381;0.05102048958637817;0.3993;18172.17734375;430.26015624999854
2010-07-15;18602.4375;19931.18359375;18539.1640625;19551.54296875;19551.54296875;186;5.1;-6.589999999999996;18539.1640625;19931.18359375;18602.4375;0.05102048958637817;-0.012945050092953436;0.4317;18263.92412109375;1287.6188476562493
2010-07-16;19741.36328125;19741.36328125;19171.900390625;19298.447265625;19298.447265625;142;-1.29;-7.879999999999996;19171.900390625;19741.36328125;19741.36328125;-0.012945050092953436;0.0;0.4362;18343.01611328125;955.43115234375
2010-07-19;19488.267578125;19614.81640625;18918.806640625;19298.447265625;19298.447265625;132;0.0;-7.879999999999996;18918.806640625;19614.81640625;19488.267578125;0.0;-0.02950822326723379;0.4364;18415.78076171875;882.66650390625
2010-07-20;19361.720703125;19361.720703125;18475.890625;18728.984375;18728.984375;105;-2.95;-10.829999999999997;18475.890625;19361.720703125;19361.720703125;-0.02950822326723379;0.01351358397537239;0.4512;18466.399609375;262.5847656250007
2010-07-21;18855.533203125;19045.353515625;18728.984375;18982.080078125;18982.080078125;154;1.35;-9.479999999999997;18728.984375;19045.353515625;18855.533203125;0.01351358397537239;0.033333350482182666;0.3994;18475.890625;506.189453125
2010-07-22;19235.173828125;19614.81640625;19108.626953125;19614.81640625;19614.81640625;197;3.33;-6.149999999999997;19108.626953125;19614.81640625;19235.173828125;0.033333350482182666;-0.009677493874707621;0.4145;18523.3458984375;1091.4705078125007
2010-07-23;19551.54296875;19741.36328125;19361.720703125;19424.994140625;19424.994140625;70;-0.97;-7.1199999999999966;19361.720703125;19741.36328125;19551.54296875;-0.009677493874707621;-0.006514641604722149;0.4163;18564.47373046875;860.5204101562485
2010-07-26;19424.994140625;19741.36328125;19298.447265625;19298.447265625;19298.447265625;53;-0.65;-7.769999999999997;19298.447265625;19741.36328125;19424.994140625;-0.006514641604722149;-0.02950822326723379;0.417;18602.437890625;696.0093750000015
2010-07-27;19298.447265625;19551.54296875;18665.7109375;18728.984375;18728.984375;225;-2.95;-10.719999999999997;18665.7109375;19551.54296875;19298.447265625;-0.02950822326723379;0.04054054335901491;0.4321;18611.92890625;117.05546875000073
2010-07-28;18728.984375;19804.63671875;18728.984375;19488.267578125;19488.267578125;220;4.05;-6.669999999999997;18728.984375;19804.63671875;18728.984375;0.04054054335901491;0.012987080668426909;0.401;18710.0029296875;778.2646484375
2010-07-29;19614.81640625;19867.91015625;19298.447265625;19741.36328125;19741.36328125;222;1.3;-5.369999999999997;19298.447265625;19867.91015625;19614.81640625;0.012987080668426909;0.05128201830349477;0.3988;18827.05908203125;914.30419921875
2010-07-30;19614.81640625;20753.740234375;19614.81640625;20753.740234375;20753.740234375;345;5.13;-0.23999999999999755;19614.81640625;20753.740234375;19614.81640625;0.05128201830349477;-0.009146318222948313;0.4247;18972.58837890625;1781.15185546875
2010-08-02;20880.287109375;21259.9296875;20437.373046875;20563.919921875;20563.919921875;206;-0.91;-1.1499999999999977;20437.373046875;21259.9296875;20880.287109375;-0.009146318222948313;0.015384575932114064;0.4288;19105.46298828125;1458.4569335937485
2010-08-03;20500.646484375;21323.203125;20247.55078125;20880.287109375;20880.287109375;206;1.54;0.39000000000000234;20247.55078125;21323.203125;20500.646484375;0.015384575932114064;0.0;0.422;19266.81064453125;1613.4764648437485
2010-08-04;20563.919921875;20880.287109375;20310.826171875;20880.287109375;20880.287109375;96;0.0;0.39000000000000234;20310.826171875;20880.287109375;20563.919921875;0.0;0.0;0.423;19418.66728515625;1461.6198242187493
2010-08-05;20563.919921875;20880.287109375;20500.646484375;20880.287109375;20880.287109375;31;0.0;0.39000000000000234;20500.646484375;20880.287109375;20563.919921875;0.0;-0.015151476885485682;0.4078;19535.7234375;1344.5636718749993
2010-08-06;20563.919921875;21070.109375;20184.27734375;20563.919921875;20563.919921875;135;-1.52;-1.1299999999999977;20184.27734375;21070.109375;20563.919921875;-0.015151476885485682;0.003076915186422724;0.4124;19643.28857421875;920.63134765625
2010-08-09;20563.919921875;20880.287109375;20563.919921875;20627.193359375;20627.193359375;73;0.31;-0.8199999999999976;20563.919921875;20880.287109375;20563.919921875;0.003076915186422724;0.009202430461230371;0.3947;19719.21689453125;907.9764648437485
2010-08-10;20500.646484375;20817.013671875;20310.826171875;20817.013671875;20817.013671875;79;0.92;0.10000000000000242;20310.826171875;20817.013671875;20500.646484375;0.009202430461230371;0.0;0.3696;19836.273046875;980.7406249999985
2010-08-11;20627.193359375;20817.013671875;20247.55078125;20817.013671875;20817.013671875;130;0.0;0.10000000000000242;20247.55078125;20817.013671875;20627.193359375;0.0;0.02127663566957283;0.3702;19947.00185546875;870.0118164062515
2010-08-12;20627.193359375;21702.84375;20627.193359375;21259.9296875;21259.9296875;356;2.13;2.230000000000002;20627.193359375;21702.84375;20627.193359375;0.02127663566957283;-0.011904823150652777;0.3355;20032.42119140625;1227.5084960937493
2010-08-13;21323.203125;21702.84375;21006.833984375;21006.833984375;21006.833984375;175;-1.19;1.0400000000000023;21006.833984375;21702.84375;21323.203125;-0.011904823150652777;-0.006024081262989256;0.3349;20117.84052734375;888.9934570312507
2010-08-16;20943.560546875;21196.65625;20690.466796875;20880.287109375;20880.287109375;99;-0.6;0.4400000000000023;20690.466796875;21196.65625;20943.560546875;-0.006024081262989256;-0.003030295377097092;0.3366;20196.93251953125;683.3545898437515
2010-08-17;20943.560546875;21196.65625;20500.646484375;20817.013671875;20817.013671875;162;-0.3;0.1400000000000023;20500.646484375;21196.65625;20943.560546875;-0.003030295377097092;-0.009118517934032844;0.3138;20301.333984375;515.6796875
2010-08-18;20690.466796875;20880.287109375;20500.646484375;20627.193359375;20627.193359375;45;-0.91;-0.7699999999999978;20500.646484375;20880.287109375;20690.466796875;-0.009118517934032844;-0.03987729335223156;0.3164;20383.5896484375;243.60371093749927
2010-08-19;20563.919921875;20563.919921875;19551.54296875;19804.63671875;19804.63671875;166;-3.99;-4.759999999999998;19551.54296875;20563.919921875;20563.919921875;-0.03987729335223156;-0.00638975997374347;0.3337;20393.0806640625;-588.4439453125015
2010-08-20;19741.36328125;19931.18359375;19235.173828125;19678.08984375;19678.08984375;162;-0.64;-5.399999999999998;19235.173828125;19931.18359375;19741.36328125;-0.00638975997374347;0.0;0.3326;20405.73544921875;-727.6456054687515
2010-08-23;19931.18359375;20121.00390625;19424.994140625;19678.08984375;19678.08984375;51;0.0;-5.399999999999998;19424.994140625;20121.00390625;19931.18359375;0.0;-0.012861802397217237;0.3315;20424.717578125;-746.6277343750007
2010-08-24;19614.81640625;19614.81640625;18982.080078125;19424.994140625;19424.994140625;113;-1.29;-6.689999999999998;18982.080078125;19614.81640625;19614.81640625;-0.012861802397217237;-0.022801245616527632;0.3159;20459.51806640625;-1034.52392578125
2010-08-25;19298.447265625;19424.994140625;18918.806640625;18982.080078125;18982.080078125;136;-2.28;-8.969999999999997;18918.806640625;19424.994140625;19298.447265625;-0.022801245616527632;-0.009999974276725832;0.2926;20434.20869140625;-1452.1286132812493
2010-08-26;19235.173828125;19488.267578125;18286.0703125;18792.259765625;18792.259765625;132;-1.0;-9.969999999999997;18286.0703125;19488.267578125;19235.173828125;-0.009999974276725832;0.01683497309241666;0.2892;20386.753515625;-1594.4937500000015
2010-08-27;19045.353515625;19235.173828125;18982.080078125;19108.626953125;19108.626953125;296;1.68;-8.289999999999997;18982.080078125;19235.173828125;19045.353515625;0.01683497309241666;-0.013244999267653212;0.2228;20304.4978515625;-1195.8708984375007
2010-08-30;19298.447265625;19298.447265625;18665.7109375;18855.533203125;18855.533203125;0;-1.32;-9.609999999999998;18665.7109375;19298.447265625;19298.447265625;-0.013244999267653212;0.0;0.2245;20219.078515625;-1363.5453124999985
2010-08-31;18918.806640625;19171.900390625;18792.259765625;18855.533203125;18855.533203125;41;0.0;-9.609999999999998;18792.259765625;19171.900390625;18918.806640625;0.0;-0.023489975640232474;0.213;20117.8408203125;-1262.3076171875
2010-09-01;18665.7109375;18982.080078125;18412.6171875;18412.6171875;18412.6171875;0;-2.35;-11.959999999999997;18412.6171875;18982.080078125;18665.7109375;-0.023489975640232474;-0.03780069712726708;0.2219;19994.45732421875;-1581.8401367187507
2010-09-02;18222.796875;18475.890625;17590.060546875;17716.607421875;17716.607421875;377;-3.78;-15.739999999999997;17590.060546875;18475.890625;18222.796875;-0.03780069712726708;0.03571430540046561;0.247;19836.27333984375;-2119.6659179687485
2010-09-03;17969.701171875;18665.7109375;17843.154296875;18349.34375;18349.34375;190;3.57;-12.169999999999996;17843.154296875;18665.7109375;17969.701171875;0.03571430540046561;-0.0068965341062946495;0.29;19725.54453125;-1376.2007812500015
2010-09-06;18475.890625;18475.890625;18159.5234375;18222.796875;18222.796875;15;-0.69;-12.859999999999996;18159.5234375;18475.890625;18475.890625;-0.0068965341062946495;-0.006944426581059648;0.2882;19605.32470703125;-1382.52783203125
2010-09-08;18222.796875;18286.0703125;17716.607421875;18096.25;18096.25;69;-0.69;-13.549999999999995;17716.607421875;18286.0703125;18222.796875;-0.006944426581059648;0.027971955515645464;0.2825;19469.2865234375;-1373.0365234374985
2010-09-09;18222.796875;18602.4375;18096.25;18602.4375;18602.4375;86;2.8;-10.749999999999996;18096.25;18602.4375;18222.796875;0.027971955515645464;-0.0034013519733636643;0.3078;19358.55771484375;-756.1202148437515
2010-09-10;18728.984375;18855.533203125;18349.34375;18539.1640625;18539.1640625;92;-0.34;-11.089999999999996;18349.34375;18855.533203125;18728.984375;-0.0034013519733636643;0.02047786927420958;0.2914;19222.51943359375;-683.3553710937485
2010-09-13;18728.984375;18982.080078125;18602.4375;18918.806640625;18918.806640625;85;2.05;-9.039999999999996;18602.4375;18982.080078125;18728.984375;0.02047786927420958;0.00334447297347662;0.306;19118.11806640625;-199.31142578124854
2010-09-14;18982.080078125;19108.626953125;18792.259765625;18982.080078125;18982.080078125;61;0.33;-8.709999999999996;18792.259765625;19108.626953125;18982.080078125;0.00334447297347662;0.009999974276725832;0.3074;19023.20771484375;-41.12763671874927
2010-09-15;18918.806640625;19424.994140625;18602.4375;19171.900390625;19171.900390625;424;1.0;-7.7099999999999955;18602.4375;19424.994140625;18918.806640625;0.009999974276725832;0.013201286510113652;0.3117;18940.95205078125;230.94833984375146
2010-09-16;19108.626953125;19551.54296875;18982.080078125;19424.994140625;19424.994140625;407;1.32;-6.389999999999995;18982.080078125;19551.54296875;19108.626953125;0.013201286510113652;0.016286704558811316;0.3168;18880.84208984375;544.1520507812493
2010-09-17;19488.267578125;20184.27734375;19361.720703125;19741.36328125;19741.36328125;216;1.63;-4.759999999999995;19361.720703125;20184.27734375;19488.267578125;0.016286704558811316;0.019230719762934223;0.2914;18877.67841796875;863.6848632812507
2010-09-20;19931.18359375;20121.00390625;19931.18359375;20121.00390625;20121.00390625;2;1.92;-2.8399999999999954;19931.18359375;20121.00390625;19931.18359375;0.019230719762934223;-0.044025143191281924;0.298;18899.82412109375;1221.1797851562515
2010-09-21;19488.267578125;19551.54296875;19171.900390625;19235.173828125;19235.173828125;69;-4.4;-7.239999999999996;19171.900390625;19551.54296875;19488.267578125;-0.044025143191281924;-0.013157861335775123;0.3387;18877.6783203125;357.49550781249854
2010-09-22;19298.447265625;19298.447265625;18728.984375;18982.080078125;18982.080078125;0;-1.32;-8.559999999999995;18728.984375;19298.447265625;19298.447265625;-0.013157861335775123;0.0033333247589086845;0.3389;18855.5326171875;126.54746093750146
2010-09-23;18855.533203125;19361.720703125;18855.533203125;19045.353515625;19045.353515625;30;0.33;-8.229999999999995;18855.533203125;19361.720703125;18855.533203125;0.0033333247589086845;-0.026578107500588866;0.3291;18858.6962890625;186.6572265625
2010-09-24;19235.173828125;19298.447265625;18539.1640625;18539.1640625;18539.1640625;44;-2.66;-10.889999999999995;18539.1640625;19298.447265625;19235.173828125;-0.026578107500588866;0.010238881961455837;0.341;18846.04150390625;-306.87744140625
2010-09-27;18665.7109375;18918.806640625;18412.6171875;18728.984375;18728.984375;148;1.02;-9.869999999999996;18412.6171875;18918.806640625;18665.7109375;0.010238881961455837;0.00675684412946187;0.3374;18827.059375;-98.07500000000073
2010-09-28;18855.533203125;19045.353515625;18602.4375;18855.533203125;18855.533203125;74;0.68;-9.189999999999996;18602.4375;19045.353515625;18855.533203125;0.00675684412946187;0.020134176048496988;0.3351;18827.059375;28.473828124999272
2010-09-29;18855.533203125;19361.720703125;18728.984375;19235.173828125;19235.173828125;547;2.01;-7.179999999999996;18728.984375;19361.720703125;18855.533203125;0.020134176048496988;0.023026358876850006;0.3424;18846.04140625;389.13242187500146
2010-09-30;19235.173828125;19678.08984375;18855.533203125;19678.08984375;19678.08984375;101;2.3;-4.879999999999996;18855.533203125;19678.08984375;19235.173828125;0.023026358876850006;0.0;0.3377;18909.3150390625;768.7748046874985
2010-10-01;19488.267578125;19867.91015625;19235.173828125;19678.08984375;19678.08984375;123;0.0;-4.879999999999996;19235.173828125;19867.91015625;19488.267578125;0.0;-0.019292653968930762;0.301;19007.38916015625;670.70068359375
2010-10-04;19614.81640625;19804.63671875;19171.900390625;19298.447265625;19298.447265625;58;-1.93;-6.809999999999996;19171.900390625;19804.63671875;19614.81640625;-0.019292653968930762;0.0;0.2907;19054.8443359375;243.60292968749854
2010-10-05;19614.81640625;19678.08984375;19298.447265625;19298.447265625;19298.447265625;31;0.0;-6.809999999999996;19298.447265625;19678.08984375;19614.81640625;0.0;0.006557360457978945;0.2887;19108.62685546875;189.82041015625146
2010-10-06;19235.173828125;19931.18359375;19171.900390625;19424.994140625;19424.994140625;83;0.66;-6.149999999999996;19171.900390625;19931.18359375;19235.173828125;0.006557360457978945;-0.026058566418888707;0.2865;19175.0640625;249.93007812499854
2010-10-07;19361.720703125;19614.81640625;18792.259765625;18918.806640625;18918.806640625;513;-2.61;-8.759999999999996;18792.259765625;19614.81640625;19361.720703125;-0.026058566418888707;0.0167223648673831;0.29;19190.88251953125;-272.0758789062493
2010-10-08;18855.533203125;19298.447265625;18792.259765625;19235.173828125;19235.173828125;296;1.67;-7.089999999999996;18792.259765625;19298.447265625;18855.533203125;0.0167223648673831;0.026315824210793926;0.2947;19225.6830078125;9.490820312501455
2010-10-11;19298.447265625;19804.63671875;19108.626953125;19741.36328125;19741.36328125;121;2.63;-4.459999999999996;19108.626953125;19804.63671875;19298.447265625;0.026315824210793926;0.04166665842202755;0.3002;19266.81083984375;474.5524414062493
2010-10-13;19804.63671875;20817.013671875;19804.63671875;20563.919921875;20563.919921875;354;4.17;-0.2899999999999965;19804.63671875;20817.013671875;19804.63671875;0.04166665842202755;-0.009230745559268505;0.3312;19345.90283203125;1218.01708984375
2010-10-14;20690.466796875;21133.3828125;19298.447265625;20374.099609375;20374.099609375;294;-0.92;-1.2099999999999964;19298.447265625;21133.3828125;20690.466796875;-0.009230745559268505;-0.006211259910929745;0.3338;19406.01279296875;968.0868164062485
2010-10-15;20437.373046875;20437.373046875;19804.63671875;20247.55078125;20247.55078125;54;-0.62;-1.8299999999999965;19804.63671875;20437.373046875;20437.373046875;-0.006211259910929745;-0.00937497648731822;0.3332;19447.140625;800.41015625
2010-10-18;20310.826171875;20563.919921875;19994.45703125;20057.73046875;20057.73046875;94;-0.94;-2.7699999999999965;19994.45703125;20563.919921875;20310.826171875;-0.00937497648731822;-0.028391192688137168;0.3314;19462.958984375;594.771484375
2010-10-19;19867.91015625;19931.18359375;19235.173828125;19488.267578125;19488.267578125;119;-2.84;-5.609999999999996;19235.173828125;19931.18359375;19867.91015625;-0.028391192688137168;-0.0064934902239358605;0.3396;19431.32216796875;56.945410156251455
2010-10-20;19614.81640625;19741.36328125;19235.173828125;19361.720703125;19361.720703125;165;-0.65;-6.259999999999996;19235.173828125;19741.36328125;19614.81640625;-0.0064934902239358605;0.01633992894928693;0.3011;19437.64951171875;-75.92880859375146
2010-10-21;19488.267578125;20057.73046875;19235.173828125;19678.08984375;19678.08984375;164;1.63;-4.629999999999996;19235.173828125;20057.73046875;19488.267578125;0.01633992894928693;0.028938832072710863;0.3015;19472.45;205.63984374999927
2010-10-22;19488.267578125;20437.373046875;19488.267578125;20247.55078125;20247.55078125;160;2.89;-1.7399999999999962;19488.267578125;20437.373046875;19488.267578125;0.028938832072710863;0.02500003376179949;0.3164;19532.55986328125;714.9909179687493
2010-10-25;20437.373046875;20817.013671875;20057.73046875;20753.740234375;20753.740234375;90;2.5;0.7600000000000038;20057.73046875;20817.013671875;20437.373046875;0.02500003376179949;0.021341503296421926;0.3046;19643.288671875;1110.4515624999985
2010-10-26;20563.919921875;21449.75;20247.55078125;21196.65625;21196.65625;295;2.13;2.8900000000000037;20247.55078125;21449.75;20563.919921875;0.021341503296421926;-0.01791049369520248;0.3093;19766.672265625;1429.9839843750015
2010-10-27;21196.65625;21323.203125;20437.373046875;20817.013671875;20817.013671875;128;-1.79;1.1000000000000036;20437.373046875;21323.203125;21196.65625;-0.01791049369520248;-0.024316047824087694;0.3211;19864.7462890625;952.2673828125007
2010-10-28;21070.109375;21070.109375;20310.826171875;20310.826171875;20310.826171875;97;-2.43;-1.3299999999999965;20310.826171875;21070.109375;21070.109375;-0.024316047824087694;0.028037310382211356;0.3321;19918.52890625;392.29726562499854
2010-10-29;20374.099609375;20943.560546875;20247.55078125;20880.287109375;20880.287109375;169;2.8;1.4700000000000033;20247.55078125;20943.560546875;20374.099609375;0.028037310382211356;0.0;0.3366;19978.63876953125;901.6483398437485
2010-11-01;20627.193359375;20880.287109375;20627.193359375;20880.287109375;20880.287109375;32;0.0;1.4700000000000033;20627.193359375;20880.287109375;20627.193359375;0.0;0.036363638064348835;0.3366;20038.7486328125;841.5384765624985
2010-11-03;20690.466796875;21639.5703125;20690.466796875;21639.5703125;21639.5703125;253;3.64;5.110000000000003;20690.466796875;21639.5703125;20690.466796875;0.036363638064348835;0.040935659319136564;0.3452;20155.80478515625;1483.7655273437485
2010-11-04;21892.666015625;22588.673828125;21702.84375;22525.400390625;22525.400390625;379;4.09;9.200000000000003;21702.84375;22588.673828125;21892.666015625;0.040935659319136564;-0.016853890204677757;0.3658;20317.15244140625;2208.2479492187485
2010-11-05;22651.94921875;23347.95703125;22145.759765625;22145.759765625;22145.759765625;166;-1.69;7.510000000000003;22145.759765625;23347.95703125;22651.94921875;-0.016853890204677757;0.011428542198532066;0.3763;20453.19072265625;1692.5690429687493
2010-11-08;22209.033203125;22588.673828125;21702.84375;22398.853515625;22398.853515625;119;1.14;8.650000000000004;21702.84375;22588.673828125;22209.033203125;0.011428542198532066;-0.005649703227521119;0.3558;20627.19306640625;1771.6604492187507
2010-11-09;22462.126953125;22462.126953125;22145.759765625;22272.306640625;22272.306640625;141;-0.56;8.090000000000003;22145.759765625;22462.126953125;22462.126953125;-0.005649703227521119;-0.03409091008742027;0.358;20779.04970703125;1493.2569335937515
2010-11-10;22082.486328125;22335.580078125;20563.919921875;21513.0234375;21513.0234375;146;-3.41;4.680000000000003;20563.919921875;22335.580078125;22082.486328125;-0.03409091008742027;-0.0029411689939270458;0.3796;20867.63271484375;645.3907226562515
2010-11-11;21892.666015625;21892.666015625;20880.287109375;21449.75;21449.75;74;-0.29;4.390000000000003;20880.287109375;21892.666015625;21892.666015625;-0.0029411689939270458;-0.020649005961607902;0.354;20911.92421875;537.8257812500015
2010-11-12;21386.4765625;21386.4765625;20817.013671875;21006.833984375;21006.833984375;64;-2.06;2.330000000000003;20817.013671875;21386.4765625;21386.4765625;-0.020649005961607902;-0.03313244694644102;0.3612;20943.5609375;63.273046875001455
2010-11-16;21133.3828125;21133.3828125;20057.73046875;20310.826171875;20310.826171875;91;-3.31;-0.9799999999999969;20057.73046875;21133.3828125;21133.3828125;-0.03313244694644102;0.04361369008965443;0.3812;20946.72470703125;-635.8985351562515
2010-11-17;20247.55078125;21196.65625;20247.55078125;21196.65625;21196.65625;89;4.36;3.3800000000000034;20247.55078125;21196.65625;20247.55078125;0.04361369008965443;0.035820895247334006;0.4085;21003.67099609375;192.98525390624854
2010-11-18;21196.65625;21955.939453125;21133.3828125;21955.939453125;21955.939453125;106;3.58;6.9600000000000035;21133.3828125;21955.939453125;21196.65625;0.035820895247334006;0.01729102167595764;0.4065;21127.05458984375;828.8848632812515
2010-11-19;21829.390625;22335.580078125;21576.296875;22335.580078125;22335.580078125;66;1.73;8.690000000000003;21576.296875;22335.580078125;21829.390625;0.01729102167595764;-0.05099145955203721;0.4054;21275.74755859375;1059.83251953125
2010-11-22;22335.580078125;22335.580078125;21133.3828125;21196.65625;21196.65625;95;-5.1;3.5900000000000034;21133.3828125;22335.580078125;22335.580078125;-0.05099145955203721;0.0;0.4534;21351.67587890625;-155.01962890625146
2010-11-23;20880.287109375;21323.203125;20500.646484375;21196.65625;21196.65625;98;0.0;3.5900000000000034;20500.646484375;21323.203125;20880.287109375;0.0;0.005970133850710546;0.444;21399.13115234375;-202.47490234375073
2010-11-24;21639.5703125;21829.390625;20880.287109375;21323.203125;21323.203125;234;0.6;4.190000000000003;20880.287109375;21829.390625;21639.5703125;0.005970133850710546;-0.01780420023668461;0.4363;21427.604296875;-104.40117187500073
2010-11-25;21133.3828125;21449.75;20753.740234375;20943.560546875;20943.560546875;48;-1.78;2.410000000000003;20753.740234375;21449.75;21133.3828125;-0.01780420023668461;-0.018126842575325486;0.4351;21414.94951171875;-471.3889648437507
2010-11-26;20690.466796875;20753.740234375;20247.55078125;20563.919921875;20563.919921875;166;-1.81;0.6000000000000028;20247.55078125;20753.740234375;20690.466796875;-0.018126842575325486;0.015384575932114064;0.4352;21402.29482421875;-838.3749023437485
2010-11-29;20690.466796875;21196.65625;20247.55078125;20880.287109375;20880.287109375;401;1.54;2.140000000000003;20247.55078125;21196.65625;20690.466796875;0.015384575932114064;-0.009090886131291387;0.4289;21430.76787109375;-550.4807617187507
2010-11-30;20817.013671875;21070.109375;20500.646484375;20690.466796875;20690.466796875;114;-0.91;1.2300000000000026;20500.646484375;21070.109375;20817.013671875;-0.009090886131291387;0.02446486384741453;0.4188;21421.27685546875;-730.81005859375
2010-12-01;21323.203125;21323.203125;20817.013671875;21196.65625;21196.65625;165;2.45;3.680000000000003;20817.013671875;21323.203125;21323.203125;0.02446486384741453;-0.002985066925355273;0.4278;21437.0953125;-240.43906250000146
2010-12-02;21006.833984375;21323.203125;20880.287109375;21133.3828125;21133.3828125;108;-0.3;3.380000000000003;20880.287109375;21323.203125;21006.833984375;-0.002985066925355273;-0.002994004228351721;0.4071;21411.7859375;-278.4031250000007
2010-12-03;21323.203125;21323.203125;20817.013671875;21070.109375;21070.109375;56;-0.3;3.080000000000003;20817.013671875;21323.203125;21323.203125;-0.002994004228351721;-0.024024054366115544;0.3759;21339.02138671875;-268.91201171874854
2010-12-06;21070.109375;21070.109375;20563.919921875;20563.919921875;20563.919921875;109;-2.4;0.6800000000000033;20563.919921875;21070.109375;21070.109375;-0.024024054366115544;0.01230766074569134;0.3802;21259.92939453125;-696.0094726562493
2010-12-07;21070.109375;21133.3828125;20753.740234375;20817.013671875;20817.013671875;61;1.23;1.9100000000000033;20753.740234375;21133.3828125;21070.109375;0.01230766074569134;-0.03343465958161662;0.3807;21180.83740234375;-363.82373046875
2010-12-08;20880.287109375;20880.287109375;19804.63671875;20121.00390625;20121.00390625;159;-3.34;-1.4299999999999966;19804.63671875;20880.287109375;20880.287109375;-0.03343465958161662;0.00628929230318831;0.3954;21073.272265625;-952.2683593750007
2010-12-09;20121.00390625;20247.55078125;19804.63671875;20247.55078125;20247.55078125;708;0.63;-0.7999999999999966;19804.63671875;20247.55078125;20121.00390625;0.00628929230318831;0.012500065112041936;0.3814;21009.9986328125;-762.4478515625015
2010-12-10;20247.55078125;20563.919921875;19867.91015625;20500.646484375;20500.646484375;538;1.25;0.4500000000000034;19867.91015625;20563.919921875;20247.55078125;0.012500065112041936;-0.009259235441412828;0.3852;20962.54345703125;-461.89697265625
2010-12-13;20247.55078125;20753.740234375;20184.27734375;20310.826171875;20310.826171875;61;-0.93;-0.47999999999999665;20184.27734375;20753.740234375;20247.55078125;-0.009259235441412828;0.00623051341826919;0.38;20927.74306640625;-616.9168945312485
2010-12-14;20500.646484375;20500.646484375;20057.73046875;20437.373046875;20437.373046875;52;0.62;0.14000000000000334;20057.73046875;20500.646484375;20500.646484375;0.00623051341826919;-0.012383964541064163;0.3617;20934.07041015625;-496.69736328125146
2010-12-15;20247.55078125;20437.373046875;20121.00390625;20184.27734375;20184.27734375;840;-1.24;-1.0999999999999965;20121.00390625;20437.373046875;20247.55078125;-0.012383964541064163;-0.009404365054405894;0.3261;20883.45146484375;-699.1741210937507
2010-12-16;20247.55078125;20500.646484375;19298.447265625;19994.45703125;19994.45703125;353;-0.94;-2.0399999999999965;19298.447265625;20500.646484375;20247.55078125;-0.009404365054405894;-0.0031645489247899006;0.294;20785.37734375;-790.9203124999985
2010-12-17;20121.00390625;20121.00390625;19614.81640625;19931.18359375;19931.18359375;90;-0.32;-2.3599999999999963;19614.81640625;20121.00390625;20121.00390625;-0.0031645489247899006;0.015872975431283853;0.2827;20665.15751953125;-733.9739257812507
2010-12-20;19614.81640625;20374.099609375;19614.81640625;20247.55078125;20247.55078125;72;1.59;-0.7699999999999962;19614.81640625;20374.099609375;19614.81640625;0.015872975431283853;0.02500003376179949;0.2358;20617.70224609375;-370.15146484375146
2010-12-21;19931.18359375;21196.65625;19931.18359375;20753.740234375;20753.740234375;146;2.5;1.7300000000000038;19931.18359375;21196.65625;19931.18359375;0.02500003376179949;0.003048772740982697;0.2548;20595.5564453125;158.18378906249927
2010-12-22;20880.287109375;20880.287109375;20247.55078125;20817.013671875;20817.013671875;101;0.3;2.030000000000004;20247.55078125;20880.287109375;20880.287109375;0.003048772740982697;0.015197623713550934;0.254;20570.24697265625;246.76669921875146
2010-12-23;20563.919921875;21133.3828125;20437.373046875;21133.3828125;21133.3828125;151;1.52;3.550000000000004;20437.373046875;21133.3828125;20563.919921875;0.015197623713550934;0.00299400422835161;0.2521;20579.7380859375;553.6447265624993
2010-12-27;20943.560546875;21386.4765625;20627.193359375;21196.65625;21196.65625;82;0.3;3.8500000000000036;20627.193359375;21386.4765625;20943.560546875;0.00299400422835161;0.014925334626776365;0.2423;20611.37490234375;585.2813476562515
2010-12-28;21323.203125;21513.0234375;20880.287109375;21513.0234375;21513.0234375;63;1.49;5.340000000000003;20880.287109375;21513.0234375;21323.203125;0.014925334626776365;0.020588273745518304;0.242;20643.01171875;870.01171875
2010-12-29;21323.203125;21955.939453125;21196.65625;21955.939453125;21955.939453125;125;2.06;7.400000000000004;21196.65625;21955.939453125;21323.203125;0.020588273745518304;-0.005763762848552956;0.2475;20706.2853515625;1249.6541015625007
2010-12-30;21576.296875;22082.486328125;21449.75;21829.390625;21829.390625;163;-0.58;6.820000000000004;21449.75;22082.486328125;21576.296875;-0.005763762848552956;-0.005797086926241257;0.2358;20737.9220703125;1091.4685546875007
2011-01-03;21829.390625;22082.486328125;21386.4765625;21702.84375;21702.84375;41;-0.58;6.240000000000004;21386.4765625;22082.486328125;21829.390625;-0.005797086926241257;-0.008746333645792359;0.2368;20766.3951171875;936.4486328124985
2011-01-04;21513.0234375;21829.390625;21386.4765625;21513.0234375;21513.0234375;41;-0.87;5.370000000000004;21386.4765625;21829.390625;21513.0234375;-0.008746333645792359;-0.0058823379878539805;0.239;20788.5408203125;724.4826171874993
2011-01-05;21386.4765625;21639.5703125;21386.4765625;21386.4765625;21386.4765625;16;-0.59;4.780000000000004;21386.4765625;21639.5703125;21386.4765625;-0.0058823379878539805;0.0;0.2218;20829.66865234375;556.8079101562507
2011-01-06;21513.0234375;21639.5703125;21259.9296875;21386.4765625;21386.4765625;46;0.0;4.780000000000004;21259.9296875;21639.5703125;21513.0234375;0.0;0.005917144632505478;0.2185;20858.141796875;528.3347656250007
2011-01-07;21576.296875;21576.296875;21196.65625;21513.0234375;21513.0234375;29;0.59;5.370000000000004;21196.65625;21576.296875;21576.296875;0.005917144632505478;-0.011764675975708072;0.1756;20927.7427734375;585.2806640624985
2011-01-10;21513.0234375;21576.296875;21196.65625;21259.9296875;21259.9296875;44;-1.18;4.190000000000004;21196.65625;21576.296875;21513.0234375;-0.011764675975708072;0.014880914102270548;0.1832;20978.36171875;281.56796875000146
2011-01-11;21639.5703125;21766.1171875;21386.4765625;21576.296875;21576.296875;197;1.49;5.680000000000004;21386.4765625;21766.1171875;21639.5703125;0.014880914102270548;0.0029325438867739972;0.1851;21032.14423828125;544.1526367187507
2011-01-12;21639.5703125;21639.5703125;21449.75;21639.5703125;21639.5703125;43;0.29;5.970000000000004;21449.75;21639.5703125;21639.5703125;0.0029325438867739972;-0.01169587687486573;0.1797;21098.5814453125;540.9888671875015
2011-01-13;21576.296875;21766.1171875;21323.203125;21386.4765625;21386.4765625;91;-1.17;4.800000000000004;21323.203125;21766.1171875;21576.296875;-0.01169587687486573;0.005917144632505478;0.1869;21146.03662109375;240.43994140625
2011-01-14;21513.0234375;21576.296875;21386.4765625;21513.0234375;21513.0234375;83;0.59;5.390000000000004;21386.4765625;21576.296875;21513.0234375;0.005917144632505478;0.0058823379878540916;0.1789;21212.47392578125;300.5495117187493
2011-01-17;21513.0234375;21639.5703125;21449.75;21639.5703125;21639.5703125;78;0.59;5.980000000000004;21449.75;21639.5703125;21513.0234375;0.0058823379878540916;-0.0029239692187164046;0.1727;21294.72958984375;344.84072265624854
2011-01-18;21639.5703125;21639.5703125;21386.4765625;21576.296875;21576.296875;67;-0.29;5.690000000000004;21386.4765625;21639.5703125;21639.5703125;-0.0029239692187164046;-0.008797631660321659;0.1725;21376.98525390625;199.31162109375146
2011-01-19;21576.296875;21639.5703125;21323.203125;21386.4765625;21386.4765625;42;-0.88;4.810000000000004;21323.203125;21639.5703125;21576.296875;-0.008797631660321659;0.0;0.1723;21433.93154296875;-47.454980468748545
2011-01-20;21576.296875;21639.5703125;21259.9296875;21386.4765625;21386.4765625;167;0.0;4.810000000000004;21259.9296875;21639.5703125;21576.296875;0.0;0.002958572316252628;0.1511;21465.568359375;-79.091796875
2011-01-21;21576.296875;21639.5703125;21386.4765625;21449.75;21449.75;74;0.3;5.110000000000004;21386.4765625;21639.5703125;21576.296875;0.002958572316252628;0.0029498449865383858;0.1511;21497.20517578125;-47.455175781251455
2011-01-24;21513.0234375;21829.390625;21386.4765625;21513.0234375;21513.0234375;622;0.29;5.400000000000004;21386.4765625;21829.390625;21513.0234375;0.0029498449865383858;-0.0058823379878539805;0.1424;21516.18720703125;-3.1637695312492724
2011-01-26;21386.4765625;22398.853515625;21070.109375;21386.4765625;21386.4765625;134;-0.59;4.810000000000004;21070.109375;22398.853515625;21386.4765625;-0.0058823379878539805;-0.020710097539004102;0.1442;21525.67822265625;-139.20166015625
2011-01-27;20880.287109375;21576.296875;20817.013671875;20943.560546875;20943.560546875;222;-2.07;2.740000000000004;20817.013671875;21576.296875;20880.287109375;-0.020710097539004102;-0.015105702146104516;0.1521;21497.205078125;-553.64453125
2011-01-28;21386.4765625;21513.0234375;20627.193359375;20627.193359375;20627.193359375;105;-1.51;1.2300000000000042;20627.193359375;21513.0234375;21386.4765625;-0.015105702146104516;-0.00920243046123026;0.1359;21430.7677734375;-803.5744140624993
2011-01-31;20627.193359375;21070.109375;20437.373046875;20437.373046875;20437.373046875;154;-0.92;0.31000000000000416;20437.373046875;21070.109375;20627.193359375;-0.00920243046123026;0.003095967243680331;0.1374;21361.16689453125;-923.7938476562485
2011-02-01;20563.919921875;21639.5703125;20437.373046875;20500.646484375;20500.646484375;0;0.31;0.6200000000000041;20437.373046875;21639.5703125;20563.919921875;0.003095967243680331;0.01234564725521703;0.1388;21301.05703125;-800.4105468749985
2011-02-02;21006.833984375;21006.833984375;20563.919921875;20753.740234375;20753.740234375;66;1.23;1.850000000000004;20563.919921875;21006.833984375;21006.833984375;0.01234564725521703;0.003048772740982697;0.1468;21263.09287109375;-509.35263671875146
2011-02-03;20374.099609375;20817.013671875;20374.099609375;20817.013671875;20817.013671875;0;0.3;2.150000000000004;20374.099609375;20817.013671875;20374.099609375;0.003048772740982697;-0.021276541846076746;0.1469;21234.6197265625;-417.60605468750146
2011-02-04;20817.013671875;20880.287109375;20374.099609375;20374.099609375;20374.099609375;122;-2.13;0.020000000000004015;20374.099609375;20880.287109375;20817.013671875;-0.021276541846076746;-0.009316841934828624;0.1629;21184.00087890625;-809.9012695312485
2011-02-07;20500.646484375;20500.646484375;20184.27734375;20184.27734375;20184.27734375;87;-0.93;-0.909999999999996;20184.27734375;20500.646484375;20500.646484375;-0.009316841934828624;0.006269673467610426;0.1616;21117.56357421875;-933.2862304687515
2011-02-08;20184.27734375;20310.826171875;20184.27734375;20310.826171875;20310.826171875;0;0.63;-0.27999999999999603;20184.27734375;20310.826171875;20184.27734375;0.006269673467610426;-0.009345866289173999;0.1615;21070.1083984375;-759.2822265625
2011-02-09;20690.466796875;20690.466796875;20121.00390625;20121.00390625;20121.00390625;127;-0.93;-1.209999999999996;20121.00390625;20690.466796875;20690.466796875;-0.009345866289173999;0.003144646151594044;0.1499;20997.34375;-876.33984375
2011-02-10;20057.73046875;20500.646484375;20057.73046875;20184.27734375;20184.27734375;143;0.31;-0.8999999999999959;20057.73046875;20500.646484375;20057.73046875;0.003144646151594044;0.0;0.1501;20924.5791015625;-740.3017578125
2011-02-11;20121.00390625;20627.193359375;20057.73046875;20184.27734375;20184.27734375;101;0.0;-0.8999999999999959;20057.73046875;20627.193359375;20121.00390625;0.0;0.012539250170547689;0.1472;20864.469140625;-680.1917968749985
2011-02-14;20247.55078125;20563.919921875;20057.73046875;20437.373046875;20437.373046875;30;1.25;0.3500000000000041;20057.73046875;20563.919921875;20247.55078125;0.012539250170547689;-0.009287997297383832;0.1542;20810.68662109375;-373.31357421875146
2011-02-15;20247.55078125;20500.646484375;20184.27734375;20247.55078125;20247.55078125;26;-0.93;-0.579999999999996;20184.27734375;20500.646484375;20247.55078125;-0.009287997297383832;0.021875041599360046;0.1526;20741.08564453125;-493.5348632812493
2011-02-16;20627.193359375;20753.740234375;20437.373046875;20690.466796875;20690.466796875;31;2.19;1.6100000000000039;20437.373046875;20753.740234375;20627.193359375;0.021875041599360046;-0.009174288543778553;0.1768;20696.794140625;-6.327343749999272
2011-02-17;20563.919921875;20753.740234375;20437.373046875;20500.646484375;20500.646484375;170;-0.92;0.6900000000000038;20437.373046875;20753.740234375;20563.919921875;-0.009174288543778553;-0.003086411813804313;0.177;20652.50263671875;-151.85615234374927
2011-02-18;20753.740234375;20753.740234375;20184.27734375;20437.373046875;20437.373046875;110;-0.31;0.38000000000000383;20184.27734375;20753.740234375;20753.740234375;-0.003086411813804313;-0.027863800759465707;0.1769;20605.0474609375;-167.67441406250146
2011-02-21;20184.27734375;20247.55078125;19867.91015625;19867.91015625;19867.91015625;87;-2.79;-2.409999999999996;19867.91015625;20247.55078125;20184.27734375;-0.027863800759465707;-0.015923526179248304;0.1976;20525.95546875;-658.0453124999985
2011-02-22;19804.63671875;19931.18359375;19488.267578125;19551.54296875;19551.54296875;227;-1.59;-3.9999999999999964;19488.267578125;19931.18359375;19804.63671875;-0.015923526179248304;-0.0032363374453941995;0.2004;20427.8814453125;-876.3384765625015
2011-02-23;19361.720703125;19741.36328125;19361.720703125;19488.267578125;19488.267578125;68;-0.32;-4.319999999999997;19361.720703125;19741.36328125;19361.720703125;-0.0032363374453941995;0.0;0.2004;20332.97099609375;-844.7034179687507
2011-02-24;19488.267578125;19488.267578125;19488.267578125;19488.267578125;19488.267578125;0;0.0;-4.319999999999997;19488.267578125;19488.267578125;19488.267578125;0.0;0.0;0.1916;20260.20634765625;-771.9387695312507
2011-02-25;19614.81640625;19804.63671875;19424.994140625;19488.267578125;19488.267578125;41;0.0;-4.319999999999997;19424.994140625;19804.63671875;19614.81640625;0.0;-0.0064934902239358605;0.1869;20203.26005859375;-714.9924804687507
2011-02-28;19551.54296875;19551.54296875;18728.984375;19361.720703125;19361.720703125;69;-0.65;-4.969999999999997;18728.984375;19551.54296875;19551.54296875;-0.0064934902239358605;-0.006535931229478709;0.1859;20149.47744140625;-787.7567382812485
2011-03-01;19235.173828125;19488.267578125;18982.080078125;19235.173828125;19235.173828125;54;-0.65;-5.619999999999997;18982.080078125;19488.267578125;19235.173828125;-0.006535931229478709;0.0032894653339436974;0.1851;20086.20380859375;-851.0299804687493
2011-03-02;18982.080078125;19488.267578125;18982.080078125;19298.447265625;19298.447265625;347;0.33;-5.289999999999997;18982.080078125;19488.267578125;18982.080078125;0.0032894653339436974;0.016393502351276013;0.1778;20013.43916015625;-714.9918945312493
2011-03-03;19424.994140625;19867.91015625;19424.994140625;19614.81640625;19614.81640625;360;1.64;-3.6499999999999977;19424.994140625;19867.91015625;19424.994140625;0.016393502351276013;0.0;0.1902;19953.329296875;-338.5128906249993
2011-03-04;19741.36328125;20184.27734375;19551.54296875;19614.81640625;19614.81640625;68;0.0;-3.6499999999999977;19551.54296875;20184.27734375;19741.36328125;0.0;0.0;0.1775;19915.36513671875;-300.54873046874854
2011-03-09;19614.81640625;19614.81640625;19614.81640625;19614.81640625;19614.81640625;0;0.0;-3.6499999999999977;19614.81640625;19614.81640625;19614.81640625;0.0;0.006451596200496512;0.1754;19886.89208984375;-272.07568359375
2011-03-10;19361.720703125;19867.91015625;19045.353515625;19741.36328125;19741.36328125;48;0.65;-2.999999999999998;19045.353515625;19867.91015625;19361.720703125;0.006451596200496512;0.0;0.1755;19858.4189453125;-117.0556640625
2011-03-11;19614.81640625;19994.45703125;19424.994140625;19741.36328125;19741.36328125;229;0.0;-2.999999999999998;19424.994140625;19994.45703125;19614.81640625;0.0;0.032051298540560325;0.173;19839.4369140625;-98.07363281249854
2011-03-14;19741.36328125;20374.099609375;19741.36328125;20374.099609375;20374.099609375;46;3.21;0.21000000000000218;19741.36328125;20374.099609375;19741.36328125;0.032051298540560325;0.015527910119494281;0.2087;19848.92802734375;525.1715820312493
2011-03-15;19931.18359375;20943.560546875;19614.81640625;20690.466796875;20690.466796875;115;1.55;1.7600000000000022;19614.81640625;20943.560546875;19931.18359375;0.015527910119494281;-0.018348577087556994;0.2153;19874.2375;816.2292968750007
2011-03-16;20753.740234375;21259.9296875;20310.826171875;20310.826171875;20310.826171875;80;-1.83;-0.06999999999999784;20310.826171875;21259.9296875;20753.740234375;-0.018348577087556994;-0.018691636416577784;0.2218;19867.91015625;442.916015625
2011-03-17;20437.373046875;20753.740234375;19867.91015625;19931.18359375;19931.18359375;55;-1.87;-1.939999999999998;19867.91015625;20753.740234375;20437.373046875;-0.018691636416577784;0.019047668510968396;0.2293;19852.091796875;79.091796875
2011-03-18;20247.55078125;20500.646484375;20057.73046875;20310.826171875;20310.826171875;35;1.9;-0.03999999999999804;20057.73046875;20500.646484375;20247.55078125;0.019047668510968396;-0.018691636416577784;0.2258;19833.109765625;477.71640625000146
2011-03-21;20247.55078125;20247.55078125;19931.18359375;19931.18359375;19931.18359375;0;-1.87;-1.9099999999999981;19931.18359375;20247.55078125;20247.55078125;-0.018691636416577784;0.0;0.2329;19804.63662109375;126.54697265625146
2011-03-22;20184.27734375;20184.27734375;19867.91015625;19931.18359375;19931.18359375;30;0.0;-1.9099999999999981;19867.91015625;20184.27734375;20184.27734375;0.0;-0.00952378525877029;0.2328;19779.3271484375;151.8564453125
2011-03-23;20247.55078125;20247.55078125;19678.08984375;19741.36328125;19741.36328125;20;-0.95;-2.859999999999998;19678.08984375;20247.55078125;20247.55078125;-0.00952378525877029;-0.006410239920978111;0.2132;19772.9998046875;-31.636523437500728
2011-03-24;19741.36328125;19741.36328125;19614.81640625;19614.81640625;19614.81640625;0;-0.64;-3.4999999999999982;19614.81640625;19741.36328125;19741.36328125;-0.006410239920978111;0.01935478860148976;0.2065;19776.1634765625;-161.34707031249854
2011-03-25;19361.720703125;20057.73046875;19361.720703125;19994.45703125;19994.45703125;17;1.94;-1.5599999999999983;19361.720703125;20057.73046875;19361.720703125;0.01935478860148976;-0.006329097849579801;0.2167;19801.47294921875;192.98408203124927
2011-03-28;19804.63671875;20437.373046875;19614.81640625;19867.91015625;19867.91015625;111;-0.63;-2.189999999999998;19614.81640625;20437.373046875;19804.63671875;-0.006329097849579801;0.0;0.2184;19820.455078125;47.455078125
2011-03-29;19804.63671875;20121.00390625;19678.08984375;19867.91015625;19867.91015625;38;0.0;-2.189999999999998;19678.08984375;20121.00390625;19804.63671875;0.0;-0.022293034956455626;0.2184;19839.43720703125;28.472949218750728
2011-03-30;19678.08984375;19867.91015625;19424.994140625;19424.994140625;19424.994140625;38;-2.23;-4.419999999999998;19424.994140625;19867.91015625;19678.08984375;-0.022293034956455626;0.009772062954089167;0.2324;19842.60087890625;-417.6067382812507
2011-03-31;19614.81640625;19804.63671875;19298.447265625;19614.81640625;19614.81640625;43;0.98;-3.439999999999998;19298.447265625;19804.63671875;19614.81640625;0.009772062954089167;-0.012903291974955988;0.2333;19861.5830078125;-246.7666015625
2011-04-01;19614.81640625;19804.63671875;19361.720703125;19361.720703125;19361.720703125;249;-1.29;-4.729999999999999;19361.720703125;19804.63671875;19614.81640625;-0.012903291974955988;0.00326796561473941;0.2383;19864.7466796875;-503.02597656250146
2011-04-04;19488.267578125;19614.81640625;19298.447265625;19424.994140625;19424.994140625;273;0.33;-4.399999999999999;19298.447265625;19614.81640625;19488.267578125;0.00326796561473941;0.0;0.2309;19855.25556640625;-430.2614257812493
2011-04-05;19424.994140625;19424.994140625;19424.994140625;19424.994140625;19424.994140625;0;0.0;-4.399999999999999;19424.994140625;19424.994140625;19424.994140625;0.0;-0.019543924814166558;0.2309;19845.764453125;-420.7703125000007
2011-04-06;19424.994140625;19614.81640625;19045.353515625;19045.353515625;19045.353515625;96;-1.95;-6.349999999999999;19045.353515625;19614.81640625;19424.994140625;-0.019543924814166558;0.0033222506186660894;0.2407;19817.29130859375;-771.9377929687507
2011-04-07;19045.353515625;19361.720703125;18982.080078125;19108.626953125;19108.626953125;96;0.33;-6.019999999999999;18982.080078125;19361.720703125;19045.353515625;0.0033222506186660894;-0.003311249816913331;0.2396;19785.6544921875;-677.0275390624993
2011-04-08;19235.173828125;19235.173828125;18982.080078125;19045.353515625;19045.353515625;78;-0.33;-6.349999999999999;18982.080078125;19235.173828125;19235.173828125;-0.003311249816913331;0.0033222506186660894;0.2396;19750.85400390625;-705.50048828125
2011-04-11;19108.626953125;19424.994140625;19108.626953125;19108.626953125;19108.626953125;127;0.33;-6.019999999999999;19108.626953125;19424.994140625;19108.626953125;0.0033222506186660894;-0.006622499633826662;0.2052;19687.58037109375;-578.9534179687507
2011-04-12;19235.173828125;19235.173828125;18855.533203125;18982.080078125;18982.080078125;46;-0.66;-6.679999999999999;18855.533203125;19235.173828125;19235.173828125;-0.006622499633826662;-0.006666649517817258;0.1932;19602.16103515625;-620.0809570312485
2011-04-13;19045.353515625;19108.626953125;18728.984375;18855.533203125;18855.533203125;84;-0.67;-7.349999999999999;18728.984375;19108.626953125;19045.353515625;-0.006666649517817258;-0.0167785836240667;0.1862;19529.39638671875;-673.8631835937485
2011-04-14;18918.806640625;18918.806640625;18475.890625;18539.1640625;18539.1640625;47;-1.68;-9.03;18475.890625;18918.806640625;18918.806640625;-0.0167785836240667;0.0034129606538186863;0.1843;19459.79541015625;-920.63134765625
2011-04-15;18665.7109375;18792.259765625;18349.34375;18602.4375;18602.4375;60;0.34;-8.69;18349.34375;18792.259765625;18665.7109375;0.0034129606538186863;0.0;0.1664;19374.3759765625;-771.9384765625
2011-04-18;18602.4375;18602.4375;18602.4375;18602.4375;18602.4375;0;0.0;-8.69;18602.4375;18602.4375;18602.4375;0.0;0.013605512886416093;0.158;19307.938671875;-705.5011718749993
2011-04-19;18412.6171875;18855.533203125;18412.6171875;18855.533203125;18855.533203125;54;1.36;-7.329999999999999;18412.6171875;18855.533203125;18412.6171875;0.013605512886416093;0.013422784032331325;0.1689;19254.15615234375;-398.62294921874854
2011-04-20;18918.806640625;19298.447265625;18918.806640625;19108.626953125;19108.626953125;34;1.34;-5.989999999999999;18918.806640625;19298.447265625;18918.806640625;0.013422784032331325;-0.016556249084566543;0.1761;19222.5193359375;-113.89238281250073
2011-04-25;19298.447265625;19298.447265625;18665.7109375;18792.259765625;18792.259765625;820;-1.66;-7.6499999999999995;18665.7109375;19298.447265625;19298.447265625;-0.016556249084566543;0.0;0.1833;19181.39150390625;-389.13173828124854
2011-04-26;18855.533203125;19108.626953125;18728.984375;18792.259765625;18792.259765625;83;0.0;-7.6499999999999995;18728.984375;19108.626953125;18855.533203125;0.0;-0.0033670985509014484;0.1653;19121.281640625;-329.02187499999854
2011-04-27;18855.533203125;18982.080078125;18412.6171875;18728.984375;18728.984375;95;-0.34;-7.989999999999999;18412.6171875;18982.080078125;18855.533203125;-0.0033670985509014484;-0.020270219537731893;0.1649;19064.3353515625;-335.35097656249854
2011-04-28;18728.984375;18728.984375;18032.9765625;18349.34375;18349.34375;101;-2.03;-10.02;18032.9765625;18728.984375;18728.984375;-0.020270219537731893;0.027586242866314947;0.1755;18988.40703125;-639.0632812500007
2011-04-29;18539.1640625;19108.626953125;18349.34375;18855.533203125;18855.533203125;148;2.76;-7.26;18349.34375;19108.626953125;18539.1640625;0.027586242866314947;0.006711392016165663;0.1945;18959.933984375;-104.40078124999854
2011-05-02;18665.7109375;19108.626953125;18665.7109375;18982.080078125;18982.080078125;125;0.67;-6.59;18665.7109375;19108.626953125;18665.7109375;0.006711392016165663;-0.009999974276725832;0.1924;18928.29716796875;53.78291015624927
2011-05-03;18855.533203125;18855.533203125;18539.1640625;18792.259765625;18792.259765625;28;-1.0;-7.59;18539.1640625;18855.533203125;18855.533203125;-0.009999974276725832;-0.016835077024834777;0.1904;18899.82412109375;-107.56435546874854
2011-05-04;18918.806640625;18982.080078125;18096.25;18475.890625;18475.890625;86;-1.68;-9.27;18096.25;18982.080078125;18918.806640625;-0.016835077024834777;-0.02739729647674294;0.1971;18852.3689453125;-376.4783203125007
2011-05-05;18665.7109375;18665.7109375;17716.607421875;17969.701171875;17969.701171875;53;-2.74;-12.01;17716.607421875;18665.7109375;18665.7109375;-0.02739729647674294;-0.017605589791062193;0.2158;18779.604296875;-809.9031250000007
2011-05-06;18792.259765625;18792.259765625;17653.333984375;17653.333984375;17653.333984375;41;-1.76;-13.77;17653.333984375;18792.259765625;18792.259765625;-0.017605589791062193;0.03225809306780425;0.214;18710.0033203125;-1056.6693359374985
2011-05-09;17716.607421875;18349.34375;17400.240234375;18222.796875;18222.796875;94;3.23;-10.54;17400.240234375;18349.34375;17716.607421875;0.03225809306780425;0.0;0.2484;18665.71181640625;-442.91494140624854
2011-05-10;18222.796875;18222.796875;18222.796875;18222.796875;18222.796875;0;0.0;-10.54;18222.796875;18222.796875;18222.796875;0.0;-0.020833386923487796;0.2485;18624.583984375;-401.787109375
2011-05-11;17716.607421875;17843.154296875;17526.787109375;17843.154296875;17843.154296875;29;-2.08;-12.62;17526.787109375;17843.154296875;17716.607421875;-0.020833386923487796;0.007092180726261166;0.2562;18561.3103515625;-718.1560546875007
2011-05-12;17590.060546875;18159.5234375;17590.060546875;17969.701171875;17969.701171875;68;0.71;-11.91;17590.060546875;18159.5234375;17590.060546875;0.007092180726261166;0.00704234460632347;0.2585;18510.69140625;-540.990234375
2011-05-13;18032.9765625;18096.25;17779.880859375;18096.25;18096.25;112;0.7;-11.21;17779.880859375;18096.25;18032.9765625;0.00704234460632347;0.0;0.2602;18472.72724609375;-376.4772460937493
2011-05-16;18096.25;18096.25;18096.25;18096.25;18096.25;0;0.0;-11.21;18096.25;18096.25;18096.25;0.0;-0.01398608568764248;0.2543;18450.58154296875;-354.33154296875
2011-05-17;17843.154296875;18096.25;17716.607421875;17843.154296875;17843.154296875;175;-1.4;-12.610000000000001;17716.607421875;18096.25;17843.154296875;-0.01398608568764248;0.01063838055013866;0.2577;18412.6173828125;-569.4630859374993
2011-05-18;18032.9765625;18159.5234375;17779.880859375;18032.9765625;18032.9765625;94;1.06;-11.55;17779.880859375;18159.5234375;18032.9765625;0.01063838055013866;-0.03157897359048378;0.2615;18384.1443359375;-351.1677734375007
2011-05-19;17843.154296875;17906.427734375;17273.693359375;17463.513671875;17463.513671875;82;-3.16;-14.71;17273.693359375;17906.427734375;17843.154296875;-0.03157897359048378;-0.007246358171540512;0.2758;18314.543359375;-851.0296874999985
2011-05-20;17906.427734375;17906.427734375;17273.693359375;17336.966796875;17336.966796875;60;-0.72;-15.430000000000001;17273.693359375;17906.427734375;17906.427734375;-0.007246358171540512;0.014598502319657314;0.2685;18225.9603515625;-888.9935546874985
2011-05-23;17400.240234375;17590.060546875;17083.87109375;17590.060546875;17590.060546875;53;1.46;-13.970000000000002;17083.87109375;17590.060546875;17400.240234375;0.014598502319657314;-0.021582789730217655;0.273;18165.850390625;-575.7898437500007
2011-05-24;17463.513671875;17463.513671875;17147.14453125;17210.41796875;17210.41796875;35;-2.16;-16.130000000000003;17147.14453125;17463.513671875;17463.513671875;-0.021582789730217655;0.0;0.2803;18086.75830078125;-876.34033203125
2011-05-25;17210.41796875;17336.966796875;17083.87109375;17210.41796875;17210.41796875;84;0.0;-16.130000000000003;17083.87109375;17336.966796875;17210.41796875;0.0;0.029411804759426508;0.2807;18010.82998046875;-800.4120117187485
2011-05-26;17083.87109375;17969.701171875;17083.87109375;17716.607421875;17716.607421875;342;2.94;-13.190000000000003;17083.87109375;17969.701171875;17083.87109375;0.029411804759426508;-0.007142839031571646;0.2976;17979.1931640625;-262.5857421875007
2011-05-27;18032.9765625;18032.9765625;17463.513671875;17590.060546875;17590.060546875;351;-0.71;-13.900000000000002;17463.513671875;18032.9765625;18032.9765625;-0.007142839031571646;0.007194226231499901;0.2773;17915.91953125;-325.85898437500146
2011-05-30;17526.787109375;17716.607421875;17400.240234375;17716.607421875;17716.607421875;5;0.72;-13.180000000000001;17400.240234375;17716.607421875;17526.787109375;0.007194226231499901;-0.0035714195157857676;0.2775;17852.6458984375;-136.03847656249854
2011-05-31;17716.607421875;17906.427734375;17400.240234375;17653.333984375;17653.333984375;83;-0.36;-13.540000000000001;17400.240234375;17906.427734375;17716.607421875;-0.0035714195157857676;0.0035842202700069326;0.2764;17795.699609375;-142.36562499999854
2011-06-01;17843.154296875;17843.154296875;17526.787109375;17716.607421875;17716.607421875;16;0.36;-13.180000000000001;17526.787109375;17843.154296875;17843.154296875;0.0035842202700069326;0.014285678063143292;0.2723;17757.73544921875;-41.128027343751455
2011-06-02;17843.154296875;17969.701171875;17590.060546875;17969.701171875;17969.701171875;133;1.43;-11.750000000000002;17590.060546875;17969.701171875;17843.154296875;0.014285678063143292;-0.02112670774927461;0.2606;17757.73544921875;211.96572265624854
2011-06-03;17716.607421875;17843.154296875;17590.060546875;17590.060546875;17590.060546875;54;-2.11;-13.860000000000001;17590.060546875;17843.154296875;17716.607421875;-0.02112670774927461;0.0;0.264;17754.57177734375;-164.51123046875
2011-06-06;17716.607421875;17843.154296875;17273.693359375;17590.060546875;17590.060546875;50;0.0;-13.860000000000001;17273.693359375;17843.154296875;17716.607421875;0.0;-0.010791339347249851;0.2349;17722.9349609375;-132.87441406249854
2011-06-07;17400.240234375;17653.333984375;17400.240234375;17400.240234375;17400.240234375;26;-1.08;-14.940000000000001;17400.240234375;17653.333984375;17400.240234375;-0.010791339347249851;-0.010909174992308257;0.237;17681.80712890625;-281.56689453125
2011-06-08;17653.333984375;17653.333984375;16957.32421875;17210.41796875;17210.41796875;149;-1.09;-16.03;16957.32421875;17653.333984375;17653.333984375;-0.010909174992308257;-0.003676461409298115;0.2291;17650.1703125;-439.75234374999854
2011-06-09;17400.240234375;17400.240234375;17020.59765625;17147.14453125;17147.14453125;25;-0.37;-16.400000000000002;17020.59765625;17400.240234375;17400.240234375;-0.003676461409298115;-0.011070082960697003;0.2268;17609.04248046875;-461.89794921875
2011-06-10;17336.966796875;17336.966796875;16957.32421875;16957.32421875;16957.32421875;56;-1.11;-17.51;16957.32421875;17336.966796875;17336.966796875;-0.011070082960697003;-0.014925335314409427;0.2261;17552.09619140625;-594.77197265625
2011-06-13;17336.966796875;17336.966796875;16514.41015625;16704.23046875;16704.23046875;43;-1.49;-19.0;16514.41015625;17336.966796875;17336.966796875;-0.014925335314409427;-0.007575738088428707;0.2295;17482.49521484375;-778.2647460937515
2011-06-14;16704.23046875;16894.05078125;16324.5888671875;16577.68359375;16577.68359375;27;-0.76;-19.76;16324.5888671875;16894.05078125;16704.23046875;-0.007575738088428707;-0.007633685816799574;0.2269;17419.2216796875;-841.5380859375
2011-06-15;16577.68359375;16577.68359375;16261.314453125;16451.134765625;16451.134765625;30;-0.76;-20.520000000000003;16261.314453125;16577.68359375;16577.68359375;-0.007633685816799574;0.01923084000783093;0.2209;17340.12958984375;-888.9948242187493
2011-06-16;16261.314453125;16767.50390625;16008.220703125;16767.50390625;16767.50390625;60;1.92;-18.6;16008.220703125;16767.50390625;16261.314453125;0.01923084000783093;-0.05660380325504066;0.2117;17305.3291015625;-537.8251953125
2011-06-17;16387.861328125;16640.95703125;15818.3994140625;15818.3994140625;15818.3994140625;36;-5.66;-24.26;15818.3994140625;16640.95703125;16387.861328125;-0.05660380325504066;0.04800006371140797;0.2871;17229.400732421876;-1411.0013183593765
2011-06-20;16324.5888671875;16577.68359375;16071.494140625;16577.68359375;16577.68359375;37;4.8;-19.46;16071.494140625;16577.68359375;16324.5888671875;0.04800006371140797;-0.003816784000139517;0.3367;17178.781884765624;-601.0982910156235
2011-06-21;16577.68359375;16767.50390625;16008.220703125;16514.41015625;16514.41015625;26;-0.38;-19.84;16008.220703125;16767.50390625;16577.68359375;-0.003816784000139517;-0.02681997185696483;0.3293;17143.981494140626;-629.5713378906257
2011-06-22;15944.947265625;16387.861328125;15755.1259765625;16071.494140625;16071.494140625;30;-2.68;-22.52;15755.1259765625;16387.861328125;15944.947265625;-0.02681997185696483;0.007873995652969201;0.3409;17087.035302734374;-1015.5411621093735
2011-06-24;16387.861328125;16451.134765625;15755.1259765625;16198.041015625;16198.041015625;18;0.79;-21.73;15755.1259765625;16451.134765625;16387.861328125;0.007873995652969201;-0.0039062401088479914;0.3216;17011.106982421876;-813.0659667968757
2011-06-27;15818.3994140625;16134.767578125;15818.3994140625;16134.767578125;16134.767578125;45;-0.39;-22.12;15818.3994140625;16134.767578125;15818.3994140625;-0.0039062401088479914;0.019607793292846676;0.3214;16938.342333984376;-803.5747558593757
2011-06-28;16198.041015625;16451.134765625;15818.3994140625;16451.134765625;16451.134765625;18;1.96;-20.16;15818.3994140625;16451.134765625;16198.041015625;0.019607793292846676;0.0;0.3301;16875.068701171876;-423.93393554687646
2011-06-29;16451.134765625;16704.23046875;16134.767578125;16451.134765625;16451.134765625;164;0.0;-20.16;16134.767578125;16704.23046875;16451.134765625;0.0;-0.011538432771010632;0.3303;16814.958740234375;-363.823974609375
2011-06-30;16577.68359375;16704.23046875;16071.494140625;16261.314453125;16261.314453125;147;-1.15;-21.31;16071.494140625;16704.23046875;16577.68359375;-0.011538432771010632;-0.011673122307989114;0.3305;16742.194091796875;-480.879638671875
2011-07-01;16134.767578125;16387.861328125;16008.220703125;16071.494140625;16071.494140625;42;-1.17;-22.479999999999997;16008.220703125;16387.861328125;16134.767578125;-0.011673122307989114;0.0;0.3242;16647.283740234376;-575.7895996093757
2011-07-04;16134.767578125;16198.041015625;15818.3994140625;16071.494140625;16071.494140625;13;0.0;-22.479999999999997;15818.3994140625;16198.041015625;16134.767578125;0.0;-0.011811054243094699;0.3192;16571.355419921874;-499.8612792968743
2011-07-05;16071.494140625;16071.494140625;15818.3994140625;15881.6728515625;15881.6728515625;136;-1.18;-23.659999999999997;15818.3994140625;16071.494140625;16071.494140625;-0.011811054243094699;-0.007968107401705504;0.3198;16485.93603515625;-604.26318359375
2011-07-06;15755.1259765625;16008.220703125;15628.5791015625;15755.1259765625;15755.1259765625;27;-0.8;-24.459999999999997;15628.5791015625;16008.220703125;15755.1259765625;-0.007968107401705504;-0.008032108101722057;0.3193;16403.680322265624;-648.5543457031235
2011-07-07;15691.8525390625;16071.494140625;15628.5791015625;15628.5791015625;15628.5791015625;109;-0.8;-25.259999999999998;15628.5791015625;16071.494140625;15691.8525390625;-0.008032108101722057;-0.028340070852520327;0.3187;16324.58837890625;-696.00927734375
2011-07-08;15755.1259765625;15755.1259765625;15185.6640625;15185.6640625;15185.6640625;38;-2.83;-28.089999999999996;15185.6640625;15755.1259765625;15755.1259765625;-0.028340070852520327;-0.020833344051364278;0.3296;16226.51435546875;-1040.8502929687493
2011-07-11;15185.6640625;15185.6640625;14552.927734375;14869.2958984375;14869.2958984375;27;-2.08;-30.169999999999995;14552.927734375;15185.6640625;15185.6640625;-0.020833344051364278;-0.008510682175327355;0.3334;16122.112939453125;-1252.8170410156254
2011-07-12;14995.8427734375;15312.2109375;14742.748046875;14742.748046875;14742.748046875;76;-0.85;-31.019999999999996;14742.748046875;15312.2109375;14995.8427734375;-0.008510682175327355;0.030042975313471887;0.332;16024.038818359375;-1281.290771484375
2011-07-13;14869.2958984375;15248.9375;14552.927734375;15185.6640625;15185.6640625;126;3.0;-28.019999999999996;14552.927734375;15248.9375;14869.2958984375;0.030042975313471887;-0.012500032154092677;0.3557;15954.437841796875;-768.7737792968746
2011-07-14;15502.03125;15565.3056640625;14869.2958984375;14995.8427734375;14995.8427734375;92;-1.25;-29.269999999999996;14869.2958984375;15565.3056640625;15502.03125;-0.012500032154092677;-0.008438797132773068;0.3567;15881.6732421875;-885.8304687500004
2011-07-15;14932.5693359375;15122.3896484375;14616.201171875;14869.2958984375;14869.2958984375;30;-0.84;-30.109999999999996;14616.201171875;15122.3896484375;14932.5693359375;-0.008438797132773068;-0.017021298674209318;0.3458;15786.762841796875;-917.4669433593754
2011-07-18;14995.8427734375;14995.8427734375;14489.654296875;14616.201171875;14616.201171875;25;-1.7;-31.809999999999995;14489.654296875;14995.8427734375;14995.8427734375;-0.017021298674209318;0.008657986676011697;0.2932;15726.6529296875;-1110.4517578124996
2011-07-19;15059.1162109375;15059.1162109375;14616.201171875;14742.748046875;14742.748046875;59;0.87;-30.939999999999994;14616.201171875;15059.1162109375;15059.1162109375;0.008657986676011697;0.0;0.2267;15634.90615234375;-892.1581054687504
2011-07-20;14806.0224609375;14995.8427734375;14489.654296875;14742.748046875;14742.748046875;99;0.0;-30.939999999999994;14489.654296875;14995.8427734375;14806.0224609375;0.0;0.0386266446943524;0.2275;15546.323046875;-803.5750000000007
2011-07-21;14806.0224609375;15312.2109375;14552.927734375;15312.2109375;15312.2109375;185;3.86;-27.079999999999995;14552.927734375;15312.2109375;14806.0224609375;0.0386266446943524;-0.016528947230126323;0.2624;15508.35888671875;-196.14794921875
2011-07-22;15248.9375;15691.8525390625;14995.8427734375;15059.1162109375;15059.1162109375;82;-1.65;-28.729999999999993;14995.8427734375;15691.8525390625;15248.9375;-0.016528947230126323;-0.012605010137456296;0.2641;15451.412646484376;-392.2964355468757
2011-07-25;14869.2958984375;14869.2958984375;14869.2958984375;14869.2958984375;14869.2958984375;0;-1.26;-29.989999999999995;14869.2958984375;14869.2958984375;14869.2958984375;-0.012605010137456296;0.012765924748322943;0.2661;15388.1390625;-518.8431640625004
2011-07-26;15312.2109375;15312.2109375;14742.748046875;15059.1162109375;15059.1162109375;11;1.28;-28.709999999999994;14742.748046875;15312.2109375;15312.2109375;0.012765924748322943;-0.012605010137456296;0.2591;15318.538134765626;-259.4219238281257
2011-07-27;14679.474609375;15059.1162109375;14489.654296875;14869.2958984375;14869.2958984375;74;-1.26;-29.969999999999995;14489.654296875;15059.1162109375;14679.474609375;-0.012605010137456296;-0.012765990424768336;0.2602;15239.44619140625;-370.15029296875036
2011-07-28;14869.2958984375;15185.6640625;14616.201171875;14679.474609375;14679.474609375;18;-1.28;-31.249999999999996;14616.201171875;15185.6640625;14869.2958984375;-0.012765990424768336;0.008620734387978723;0.2606;15160.35419921875;-480.8795898437493
2011-07-29;14679.474609375;14869.2958984375;14489.654296875;14806.0224609375;14806.0224609375;117;0.86;-30.389999999999997;14489.654296875;14869.2958984375;14679.474609375;0.008620734387978723;-0.012820545799069438;0.2637;15097.080615234376;-291.0581542968757
2011-08-01;14742.748046875;14995.8427734375;14616.201171875;14616.201171875;14616.201171875;10;-1.28;-31.669999999999998;14616.201171875;14995.8427734375;14742.748046875;-0.012820545799069438;-0.008657986676011697;0.265;15024.315966796876;-408.1147949218757
2011-08-02;14806.0224609375;14806.0224609375;14046.7392578125;14489.654296875;14489.654296875;55;-0.87;-32.54;14046.7392578125;14806.0224609375;14806.0224609375;-0.008657986676011697;-0.03930134418374753;0.2641;14954.7150390625;-465.0607421874993
2011-08-03;14236.5595703125;14489.654296875;13920.19140625;13920.19140625;13920.19140625;69;-3.93;-36.47;13920.19140625;14489.654296875;14236.5595703125;-0.03930134418374753;-0.018181772262582774;0.2916;14862.968310546876;-942.7769042968757
2011-08-04;13793.64453125;14173.2861328125;13287.4560546875;13667.09765625;13667.09765625;75;-1.82;-38.29;13287.4560546875;14173.2861328125;13793.64453125;-0.018181772262582774;-0.02777777777777779;0.2948;14764.89423828125;-1097.7965820312493
2011-08-05;13414.0029296875;13856.91796875;12591.4462890625;13287.4560546875;13287.4560546875;197;-2.78;-41.07;12591.4462890625;13856.91796875;13414.0029296875;-0.02777777777777779;-0.047619072117404015;0.2942;14669.983837890624;-1382.5277832031243
2011-08-08;12338.3515625;13160.908203125;11895.4365234375;12654.7197265625;12654.7197265625;50;-4.76;-45.83;11895.4365234375;13160.908203125;12338.3515625;-0.047619072117404015;-0.0049999872669789225;0.3253;14559.255029296875;-1904.5353027343754
2011-08-09;12528.1728515625;12971.087890625;12148.53125;12591.4462890625;12591.4462890625;173;-0.5;-46.33;12148.53125;12971.087890625;12528.1728515625;-0.0049999872669789225;0.005025112766828155;0.3254;14451.68994140625;-1860.24365234375
2011-08-10;12654.7197265625;12717.9931640625;12211.8046875;12654.7197265625;12654.7197265625;116;0.5;-45.83;12211.8046875;12717.9931640625;12654.7197265625;0.005025112766828155;0.05000002700943851;0.2979;14325.142724609375;-1670.4229980468754
2011-08-11;12971.087890625;13414.0029296875;12654.7197265625;13287.4560546875;13287.4560546875;170;5.0;-40.83;12654.7197265625;13414.0029296875;12971.087890625;0.05000002700943851;-0.05238096463013053;0.3634;14239.723388671875;-952.267333984375
2011-08-12;13287.4560546875;13477.2763671875;12464.8994140625;12591.4462890625;12591.4462890625;156;-5.24;-46.07;12464.8994140625;13477.2763671875;13287.4560546875;-0.05238096463013053;0.005025112766828155;0.3993;14125.830908203125;-1534.3846191406246
2011-08-15;12654.7197265625;12844.541015625;11515.794921875;12654.7197265625;12654.7197265625;203;0.5;-45.57;11515.794921875;12844.541015625;12654.7197265625;0.005025112766828155;0.015000038970761409;0.4004;14027.7568359375;-1373.037109375
2011-08-16;12591.4462890625;12844.541015625;12401.625;12844.541015625;12844.541015625;69;1.5;-44.07;12401.625;12844.541015625;12591.4462890625;0.015000038970761409;0.009852191280798506;0.4042;13932.846484375;-1088.3054687500007
2011-08-17;12717.9931640625;12971.087890625;12654.7197265625;12971.087890625;12971.087890625;28;0.99;-43.08;12654.7197265625;12971.087890625;12717.9931640625;0.009852191280798506;-0.01951222046266654;0.4079;13844.2634765625;-873.1755859375007
2011-08-18;12717.9931640625;12844.541015625;12464.8994140625;12717.9931640625;12717.9931640625;78;-1.95;-45.03;12464.8994140625;12844.541015625;12717.9931640625;-0.01951222046266654;0.009950300328835704;0.3742;13714.552587890625;-996.5594238281246
2011-08-19;12654.7197265625;13034.361328125;12464.8994140625;12844.541015625;12844.541015625;377;1.0;-44.03;12464.8994140625;13034.361328125;12654.7197265625;0.009950300328835704;0.004926095640399364;0.3789;13603.823828125;-759.2828124999996
2011-08-22;12717.9931640625;13097.634765625;12717.9931640625;12907.814453125;12907.814453125;331;0.49;-43.54;12717.9931640625;13097.634765625;12717.9931640625;0.004926095640399364;0.02941176470588225;0.3809;13505.749755859375;-597.935302734375
2011-08-23;12971.087890625;13603.82421875;12844.541015625;13287.4560546875;13287.4560546875;97;2.94;-40.6;12844.541015625;13603.82421875;12971.087890625;0.02941176470588225;0.009523785025453257;0.3965;13417.166748046875;-129.710693359375
2011-08-24;13540.5498046875;13793.64453125;13097.634765625;13414.0029296875;13414.0029296875;69;0.95;-39.65;13097.634765625;13793.64453125;13540.5498046875;0.009523785025453257;-0.009433938225846816;0.3994;13344.402099609375;69.600830078125
2011-08-25;13540.5498046875;13603.82421875;13034.361328125;13287.4560546875;13287.4560546875;39;-0.94;-40.589999999999996;13034.361328125;13603.82421875;13540.5498046875;-0.009433938225846816;0.004761892512726629;0.3987;13274.801171875;12.654882812499636
2011-08-26;13034.361328125;13477.2763671875;12971.087890625;13350.7294921875;13350.7294921875;45;0.48;-40.11;12971.087890625;13477.2763671875;13034.361328125;0.004761892512726629;0.03791466802309995;0.3972;13202.0365234375;148.69296874999964
2011-08-29;13477.2763671875;14173.2861328125;13287.4560546875;13856.91796875;13856.91796875;36;3.79;-36.32;13287.4560546875;14173.2861328125;13477.2763671875;0.03791466802309995;0.0273972612393798;0.4236;13164.07236328125;692.8456054687504
2011-08-30;13793.64453125;14426.380859375;13667.09765625;14236.5595703125;14236.5595703125;127;2.74;-33.58;13667.09765625;14426.380859375;13793.64453125;0.0273972612393798;0.02222223441696003;0.4357;13151.417626953125;1085.1419433593746
2011-08-31;13983.4658203125;14869.2958984375;13983.4658203125;14552.927734375;14552.927734375;60;2.22;-31.36;13983.4658203125;14869.2958984375;13983.4658203125;0.02222223441696003;0.052173914210507766;0.4174;13183.054443359375;1369.873291015625
2011-09-01;14869.2958984375;15565.3056640625;14679.474609375;15312.2109375;15312.2109375;123;5.22;-26.14;14679.474609375;15565.3056640625;14869.2958984375;0.052173914210507766;-0.016528947230126323;0.4448;13265.310107421876;2046.9008300781243
2011-09-02;15185.6640625;15185.6640625;14552.927734375;15059.1162109375;15059.1162109375;74;-1.65;-27.79;14552.927734375;15185.6640625;15185.6640625;-0.016528947230126323;-0.05462184029283035;0.4352;13353.893115234376;1705.2230957031243
2011-09-05;14995.8427734375;14995.8427734375;14236.5595703125;14236.5595703125;14236.5595703125;25;-5.46;-33.25;14236.5595703125;14995.8427734375;14995.8427734375;-0.05462184029283035;-0.02222223441696003;0.4473;13432.985107421875;803.574462890625
2011-09-06;14426.380859375;14426.380859375;13730.37109375;13920.19140625;13920.19140625;139;-2.22;-35.47;13730.37109375;14426.380859375;14426.380859375;-0.02222223441696003;0.03636368483394037;0.4571;13499.42236328125;420.76904296875
2011-09-08;14173.2861328125;14552.927734375;14173.2861328125;14426.380859375;14426.380859375;29;3.64;-31.83;14173.2861328125;14552.927734375;14173.2861328125;0.03636368483394037;0.0;0.4701;13588.005419921876;838.3754394531243
2011-09-09;14363.107421875;14426.380859375;13983.4658203125;14426.380859375;14426.380859375;32;0.0;-31.83;13983.4658203125;14426.380859375;14363.107421875;0.0;-0.021929835843541245;0.4421;13644.95166015625;781.42919921875
2011-09-12;14236.5595703125;14489.654296875;13667.09765625;14110.0126953125;14110.0126953125;34;-2.19;-34.019999999999996;13667.09765625;14489.654296875;14236.5595703125;-0.021929835843541245;0.0044842934493616315;0.4015;13720.87998046875;389.13271484375036
2011-09-13;14489.654296875;14489.654296875;13983.4658203125;14173.2861328125;14173.2861328125;19;0.45;-33.56999999999999;13983.4658203125;14489.654296875;14489.654296875;0.0044842934493616315;-0.017857166234481192;0.4015;13796.80830078125;376.4778320312507
2011-09-14;14299.8330078125;14299.8330078125;13793.64453125;13920.19140625;13920.19140625;43;-1.79;-35.35999999999999;13793.64453125;14299.8330078125;14299.8330078125;-0.017857166234481192;0.013636399351324435;0.4086;13850.5908203125;69.6005859375
2011-09-15;14046.7392578125;14236.5595703125;13856.91796875;14110.0126953125;14110.0126953125;53;1.36;-33.99999999999999;13856.91796875;14236.5595703125;14046.7392578125;0.013636399351324435;-0.026905829906774037;0.4095;13907.537060546874;202.47563476562573
2011-09-16;13983.4658203125;14236.5595703125;13730.37109375;13730.37109375;13730.37109375;16;-2.69;-36.68999999999999;13730.37109375;14236.5595703125;13983.4658203125;-0.026905829906774037;0.032258053044474044;0.416;13958.15595703125;-227.78486328124927
2011-09-19;13730.37109375;14173.2861328125;13667.09765625;14173.2861328125;14173.2861328125;30;3.23;-33.459999999999994;13667.09765625;14173.2861328125;13730.37109375;0.032258053044474044;0.0044642743332130586;0.4275;14024.593212890624;148.69291992187573
2011-09-20;14110.0126953125;14363.107421875;13920.19140625;14236.5595703125;14236.5595703125;390;0.45;-33.00999999999999;13920.19140625;14363.107421875;14110.0126953125;0.0044642743332130586;0.008888934924023983;0.4275;14091.03046875;145.52910156250073
2011-09-21;14426.380859375;14489.654296875;14173.2861328125;14363.107421875;14363.107421875;118;0.89;-32.11999999999999;14173.2861328125;14489.654296875;14426.380859375;0.008888934924023983;-0.022026442800300416;0.4183;14144.813037109376;218.29438476562427
2011-09-22;14110.0126953125;14110.0126953125;13667.09765625;14046.7392578125;14046.7392578125;78;-2.2;-34.31999999999999;13667.09765625;14110.0126953125;14110.0126953125;-0.022026442800300416;0.018017971669776367;0.4279;14176.449853515625;-129.71059570312536
2011-09-23;13983.4658203125;14489.654296875;13730.37109375;14299.8330078125;14299.8330078125;19;1.8;-32.519999999999996;13730.37109375;14489.654296875;13983.4658203125;0.018017971669776367;0.00884960345294683;0.4287;14227.068701171875;72.76430664062536
2011-09-26;13920.19140625;14552.927734375;13920.19140625;14426.380859375;14426.380859375;163;0.88;-31.639999999999997;13920.19140625;14552.927734375;13920.19140625;0.00884960345294683;0.008771907260285872;0.429;14280.85126953125;145.52958984375073
2011-09-27;14299.8330078125;14552.927734375;14236.5595703125;14552.927734375;14552.927734375;7;0.88;-30.759999999999998;14236.5595703125;14552.927734375;14299.8330078125;0.008771907260285872;-0.004347815000176447;0.4107;14315.6517578125;237.27597656249964
2011-09-28;14489.654296875;14489.654296875;14299.8330078125;14489.654296875;14489.654296875;5;-0.43;-31.189999999999998;14299.8330078125;14489.654296875;14489.654296875;-0.004347815000176447;0.017467204173020612;0.4008;14328.306494140625;161.34780273437536
2011-09-29;14299.8330078125;14742.748046875;14173.2861328125;14742.748046875;14742.748046875;75;1.75;-29.439999999999998;14173.2861328125;14742.748046875;14299.8330078125;0.017467204173020612;-0.03433474376371748;0.3979;14337.797509765625;404.95053710937464
2011-09-30;14679.474609375;14742.748046875;14173.2861328125;14236.5595703125;14236.5595703125;19;-3.43;-32.87;14173.2861328125;14742.748046875;14679.474609375;-0.03433474376371748;-0.004444433164311978;0.3675;14284.01494140625;-47.45537109375073
2011-10-03;14426.380859375;14426.380859375;13983.4658203125;14173.2861328125;14173.2861328125;80;-0.44;-33.309999999999995;13983.4658203125;14426.380859375;14426.380859375;-0.004444433164311978;-0.0044642743332130586;0.3642;14239.7234375;-66.43730468750073
2011-10-04;14173.2861328125;14299.8330078125;13793.64453125;14110.0126953125;14110.0126953125;71;-0.45;-33.76;13793.64453125;14299.8330078125;14173.2861328125;-0.0044642743332130586;-0.008968586898723374;0.3088;14233.39609375;-123.38339843749964
2011-10-05;13983.4658203125;14173.2861328125;13856.91796875;13983.4658203125;13983.4658203125;26;-0.9;-34.66;13856.91796875;14173.2861328125;13983.4658203125;-0.008968586898723374;0.009049750371340481;0.2998;14236.559814453125;-253.093994140625
2011-10-06;14236.5595703125;14363.107421875;13983.4658203125;14110.0126953125;14110.0126953125;34;0.9;-33.76;13983.4658203125;14363.107421875;14236.5595703125;0.009049750371340481;0.008968586898723263;0.2706;14220.74140625;-110.72871093749927
2011-10-07;14046.7392578125;14236.5595703125;13983.4658203125;14236.5595703125;14236.5595703125;17;0.9;-32.86;13983.4658203125;14236.5595703125;14046.7392578125;0.008968586898723263;0.013333368088336073;0.2729;14211.250341796875;25.309228515625364
2011-10-10;13983.4658203125;14426.380859375;13983.4658203125;14426.380859375;14426.380859375;21;1.33;-31.53;13983.4658203125;14426.380859375;13983.4658203125;0.013333368088336073;0.004385953630142936;0.2648;14227.06875;199.31210937499964
2011-10-11;14363.107421875;14489.654296875;14046.7392578125;14489.654296875;14489.654296875;18;0.44;-31.09;14046.7392578125;14489.654296875;14363.107421875;0.004385953630142936;0.021834072613501343;0.2648;14242.887158203124;246.76713867187573
2011-10-13;14489.654296875;14869.2958984375;14236.5595703125;14806.0224609375;14806.0224609375;139;2.18;-28.91;14236.5595703125;14869.2958984375;14489.654296875;0.021834072613501343;0.008546986561304148;0.2643;14287.1787109375;518.84375
2011-10-14;14806.0224609375;15059.1162109375;14742.748046875;14932.5693359375;14932.5693359375;6;0.85;-28.06;14742.748046875;15059.1162109375;14806.0224609375;0.008546986561304148;-0.012711897382968518;0.2622;14328.30654296875;604.2627929687496
2011-10-17;15059.1162109375;15059.1162109375;14552.927734375;14742.748046875;14742.748046875;8;-1.27;-29.33;14552.927734375;15059.1162109375;15059.1162109375;-0.012711897382968518;0.01287557031151576;0.2451;14378.925390625;363.82265625000036
2011-10-18;14426.380859375;14932.5693359375;14426.380859375;14932.5693359375;14932.5693359375;8;1.29;-28.04;14426.380859375;14932.5693359375;14426.380859375;0.01287557031151576;-0.021186452039510195;0.2238;14416.88955078125;515.6797851562496
2011-10-19;14869.2958984375;14932.5693359375;14426.380859375;14616.201171875;14616.201171875;59;-2.12;-30.16;14426.380859375;14932.5693359375;14869.2958984375;-0.021186452039510195;-0.004328993338005849;0.2391;14435.871630859376;180.32954101562427
2011-10-20;14742.748046875;14742.748046875;14236.5595703125;14552.927734375;14552.927734375;17;-0.43;-30.59;14236.5595703125;14742.748046875;14742.748046875;-0.004328993338005849;0.0;0.2383;14445.362646484375;107.56508789062536
2011-10-21;14742.748046875;14742.748046875;14426.380859375;14552.927734375;14552.927734375;44;0.0;-30.59;14426.380859375;14742.748046875;14742.748046875;0.0;0.0;0.2226;14470.6720703125;82.25566406250073
2011-10-24;14426.380859375;14869.2958984375;14299.8330078125;14552.927734375;14552.927734375;66;0.0;-30.59;14299.8330078125;14869.2958984375;14426.380859375;0.0;-0.004347815000176447;0.2143;14483.326806640625;69.60092773437464
2011-10-25;14552.927734375;14679.474609375;14236.5595703125;14489.654296875;14489.654296875;66;-0.43;-31.02;14236.5595703125;14679.474609375;14552.927734375;-0.004347815000176447;-0.004366801043255153;0.213;14486.490478515625;3.163818359375
2011-10-26;14426.380859375;14552.927734375;14299.8330078125;14426.380859375;14426.380859375;67;-0.44;-31.46;14299.8330078125;14552.927734375;14426.380859375;-0.004366801043255153;0.030701743103827228;0.2112;14480.163134765626;-53.78227539062573
2011-10-27;14679.474609375;14869.2958984375;14552.927734375;14869.2958984375;14869.2958984375;59;3.07;-28.39;14552.927734375;14869.2958984375;14679.474609375;0.030701743103827228;0.03404253167197324;0.2374;14499.14521484375;370.1506835937507
2011-10-28;14869.2958984375;15438.7578125;14616.201171875;15375.484375;15375.484375;45;3.4;-24.990000000000002;14616.201171875;15438.7578125;14869.2958984375;0.03404253167197324;-0.02469135880881801;0.2586;14530.78203125;844.7023437499993
2011-10-31;15185.6640625;15248.9375;14806.0224609375;14995.8427734375;14995.8427734375;99;-2.47;-27.46;14806.0224609375;15248.9375;15185.6640625;-0.02469135880881801;0.0;0.2423;14568.74619140625;427.09658203125036
2011-11-01;14679.474609375;14995.8427734375;14489.654296875;14995.8427734375;14995.8427734375;98;0.0;-27.46;14489.654296875;14995.8427734375;14679.474609375;0.0;-0.021097057954147846;0.2411;14609.8740234375;385.96875
2011-11-03;14995.8427734375;15185.6640625;14616.201171875;14679.474609375;14679.474609375;92;-2.11;-29.57;14616.201171875;15185.6640625;14995.8427734375;-0.021097057954147846;-0.01724133572453357;0.2547;14638.347119140624;41.12749023437573
2011-11-04;14742.748046875;14806.0224609375;14426.380859375;14426.380859375;14426.380859375;28;-1.72;-31.29;14426.380859375;14806.0224609375;14742.748046875;-0.01724133572453357;0.008771907260285872;0.2611;14660.49287109375;-234.11201171874927
2011-11-07;14616.201171875;14616.201171875;14299.8330078125;14552.927734375;14552.927734375;18;0.88;-30.41;14299.8330078125;14616.201171875;14616.201171875;0.008771907260285872;-0.013043445000529452;0.261;14682.638623046874;-129.71088867187427
2011-11-08;14742.748046875;14869.2958984375;14299.8330078125;14363.107421875;14363.107421875;181;-1.3;-31.71;14299.8330078125;14869.2958984375;14742.748046875;-0.013043445000529452;0.017621099847414445;0.2645;14688.966015625;-325.8585937499993
2011-11-09;14489.654296875;14679.474609375;14363.107421875;14616.201171875;14616.201171875;156;1.76;-29.95;14363.107421875;14679.474609375;14489.654296875;0.017621099847414445;-0.017315973352023395;0.2676;14698.45703125;-82.255859375
2011-11-10;14616.201171875;14806.0224609375;14299.8330078125;14363.107421875;14363.107421875;177;-1.73;-31.68;14299.8330078125;14806.0224609375;14616.201171875;-0.017315973352023395;0.013215824885560945;0.2748;14692.1296875;-329.0222656250007
2011-11-11;14299.8330078125;14616.201171875;14236.5595703125;14552.927734375;14552.927734375;478;1.32;-30.36;14236.5595703125;14616.201171875;14299.8330078125;0.013215824885560945;0.004347815000176558;0.2671;14679.474951171875;-126.54721679687464
2011-11-14;14363.107421875;14869.2958984375;14363.107421875;14616.201171875;14616.201171875;23;0.43;-29.93;14363.107421875;14869.2958984375;14363.107421875;0.004347815000176558;-0.02597402684173633;0.2656;14663.65654296875;-47.45537109375073
2011-11-16;14616.201171875;14616.201171875;13983.4658203125;14236.5595703125;14236.5595703125;401;-2.6;-32.53;13983.4658203125;14616.201171875;14616.201171875;-0.02597402684173633;-0.026666667581272008;0.2773;14638.347119140624;-401.7875488281243
2011-11-17;14110.0126953125;14236.5595703125;13856.91796875;13856.91796875;13856.91796875;112;-2.67;-35.2;13856.91796875;14236.5595703125;14110.0126953125;-0.026666667581272008;-0.00456619846077555;0.2854;14584.56455078125;-727.6465820312496
2011-11-18;13856.91796875;13920.19140625;13667.09765625;13793.64453125;13793.64453125;29;-0.46;-35.660000000000004;13667.09765625;13920.19140625;13856.91796875;-0.00456619846077555;-0.02293579215745023;0.2778;14543.43671875;-749.7921874999993
2011-11-21;13414.0029296875;13793.64453125;13160.908203125;13477.2763671875;13477.2763671875;189;-2.29;-37.95;13160.908203125;13793.64453125;13414.0029296875;-0.02293579215745023;0.01877936755668963;0.2869;14489.654150390625;-1012.3777832031246
2011-11-22;13477.2763671875;13856.91796875;12844.541015625;13730.37109375;13730.37109375;45;1.88;-36.07;12844.541015625;13856.91796875;13477.2763671875;0.01877936755668963;-0.07834102660758613;0.2976;14448.526318359374;-718.1552246093743
2011-11-23;13414.0029296875;13540.5498046875;12654.7197265625;12654.7197265625;12654.7197265625;157;-7.83;-43.9;12654.7197265625;13540.5498046875;13414.0029296875;-0.07834102660758613;0.030000000771698287;0.4003;14353.61591796875;-1698.8961914062493
2011-11-24;12907.814453125;13034.361328125;12401.625;13034.361328125;13034.361328125;5;3.0;-40.9;12401.625;13034.361328125;12907.814453125;0.030000000771698287;-0.019417501187141584;0.4209;14280.85126953125;-1246.4899414062493
2011-11-25;13034.361328125;13287.4560546875;12654.7197265625;12781.2666015625;12781.2666015625;143;-1.94;-42.839999999999996;12654.7197265625;13287.4560546875;13034.361328125;-0.019417501187141584;0.029702971810015244;0.424;14198.595556640625;-1417.3289550781246
2011-11-28;12781.2666015625;13414.0029296875;12781.2666015625;13160.908203125;13160.908203125;36;2.97;-39.87;12781.2666015625;13414.0029296875;12781.2666015625;0.029702971810015244;0.0;0.4229;14113.176171875;-952.2679687500004
2011-11-29;13414.0029296875;13414.0029296875;12781.2666015625;13160.908203125;13160.908203125;13;0.0;-39.87;12781.2666015625;13414.0029296875;13414.0029296875;0.0;0.0;0.3969;14002.44736328125;-841.5391601562496
2011-11-30;13224.1826171875;13477.2763671875;13097.634765625;13160.908203125;13160.908203125;50;0.0;-39.87;13097.634765625;13477.2763671875;13224.1826171875;0.0;0.00480775438031511;0.3923;13910.700634765624;-749.7924316406243
2011-12-01;13287.4560546875;13287.4560546875;12971.087890625;13224.1826171875;13224.1826171875;82;0.48;-39.39;12971.087890625;13287.4560546875;13287.4560546875;0.00480775438031511;-0.009569427103798822;0.3937;13822.117626953124;-597.9350097656243
2011-12-02;13287.4560546875;13287.4560546875;12971.087890625;13097.634765625;13097.634765625;30;-0.96;-40.35;12971.087890625;13287.4560546875;13287.4560546875;-0.009569427103798822;0.0;0.3899;13743.025634765625;-645.390869140625
2011-12-05;13287.4560546875;13287.4560546875;12591.4462890625;13097.634765625;13097.634765625;64;0.0;-40.35;12591.4462890625;13287.4560546875;13287.4560546875;0.0;-0.03864731958254031;0.3878;13676.588330078124;-578.9535644531243
2011-12-06;13224.1826171875;13224.1826171875;12591.4462890625;12591.4462890625;12591.4462890625;53;-3.86;-44.21;12591.4462890625;13224.1826171875;13224.1826171875;-0.03864731958254031;0.005025112766828155;0.4025;13578.5142578125;-987.0679687499996
2011-12-07;12781.2666015625;12781.2666015625;12464.8994140625;12654.7197265625;12654.7197265625;26;0.5;-43.71;12464.8994140625;12781.2666015625;12781.2666015625;0.005025112766828155;0.0;0.4039;13493.094873046875;-838.3751464843754
2011-12-08;12717.9931640625;12717.9931640625;12654.7197265625;12654.7197265625;12654.7197265625;17;0.0;-43.71;12654.7197265625;12717.9931640625;12717.9931640625;0.0;0.0049999872669790335;0.395;13395.02080078125;-740.3010742187507
2011-12-09;12717.9931640625;12971.087890625;12717.9931640625;12717.9931640625;12717.9931640625;4;0.5;-43.21;12717.9931640625;12971.087890625;12717.9931640625;0.0049999872669790335;-0.014925335314409427;0.3951;13312.765087890624;-594.7719238281243
2011-12-12;12654.7197265625;12717.9931640625;12464.8994140625;12528.1728515625;12528.1728515625;26;-1.49;-44.7;12464.8994140625;12717.9931640625;12654.7197265625;-0.014925335314409427;0.0;0.3898;13211.52734375;-683.3544921875
2011-12-13;12591.4462890625;12717.9931640625;12528.1728515625;12528.1728515625;12528.1728515625;34;0.0;-44.7;12528.1728515625;12717.9931640625;12591.4462890625;0.0;0.010100984117904943;0.3884;13107.125927734374;-578.9530761718743
2011-12-14;12528.1728515625;12654.7197265625;12464.8994140625;12654.7197265625;12654.7197265625;11;1.01;-43.690000000000005;12464.8994140625;12654.7197265625;12528.1728515625;0.010100984117904943;0.0;0.3866;13028.033935546875;-373.314208984375
2011-12-15;12654.7197265625;12907.814453125;12591.4462890625;12654.7197265625;12654.7197265625;37;0.0;-43.690000000000005;12591.4462890625;12907.814453125;12654.7197265625;0.0;0.0;0.3788;12967.9240234375;-313.2042968749993
2011-12-16;12654.7197265625;12781.2666015625;12464.8994140625;12654.7197265625;12654.7197265625;23;0.0;-43.690000000000005;12464.8994140625;12781.2666015625;12654.7197265625;0.0;-0.030000000771698287;0.3791;12910.977783203125;-256.258056640625
2011-12-19;12717.9931640625;12717.9931640625;12148.53125;12275.078125;12275.078125;29;-3.0;-46.690000000000005;12148.53125;12717.9931640625;12717.9931640625;-0.030000000771698287;-0.005154626052532807;0.3846;12850.86787109375;-575.7897460937493
2011-12-20;12528.1728515625;12528.1728515625;11895.4365234375;12211.8046875;12211.8046875;28;-0.52;-47.21000000000001;11895.4365234375;12528.1728515625;12528.1728515625;-0.005154626052532807;0.010362667782390478;0.3747;12774.93955078125;-563.1348632812496
2011-12-21;12211.8046875;12338.3515625;12021.9833984375;12338.3515625;12338.3515625;19;1.04;-46.17000000000001;12021.9833984375;12338.3515625;12211.8046875;0.010362667782390478;0.03589742412662744;0.2614;12759.121142578126;-420.7695800781257
2011-12-22;12591.4462890625;12781.2666015625;12148.53125;12781.2666015625;12781.2666015625;14;3.59;-42.58000000000001;12148.53125;12781.2666015625;12591.4462890625;0.03589742412662744;-0.01485144770212321;0.2713;12746.46640625;34.800195312500364
2011-12-23;12654.7197265625;12654.7197265625;12275.078125;12591.4462890625;12591.4462890625;21;-1.49;-44.070000000000014;12275.078125;12654.7197265625;12654.7197265625;-0.01485144770212321;0.005025112766828155;0.2677;12736.975390625;-145.52910156250073
2011-12-26;12781.2666015625;12781.2666015625;12338.3515625;12654.7197265625;12654.7197265625;2;0.5;-43.570000000000014;12338.3515625;12781.2666015625;12781.2666015625;0.005025112766828155;0.0;0.2439;12711.665966796874;-56.94624023437427
2011-12-27;12401.625;12654.7197265625;12338.3515625;12654.7197265625;12654.7197265625;19;0.0;-43.570000000000014;12338.3515625;12654.7197265625;12401.625;0.0;0.0;0.2439;12686.35654296875;-31.636816406249636
2011-12-28;12654.7197265625;12654.7197265625;12528.1728515625;12654.7197265625;12654.7197265625;35;0.0;-43.570000000000014;12528.1728515625;12654.7197265625;12654.7197265625;0.0;0.0;0.2439;12661.047119140625;-6.327392578125
2011-12-29;12528.1728515625;12781.2666015625;12211.8046875;12654.7197265625;12654.7197265625;78;0.0;-43.570000000000014;12211.8046875;12781.2666015625;12528.1728515625;0.0;0.0;0.2427;12632.573974609375;22.145751953125
2012-01-02;12654.7197265625;12717.9931640625;12528.1728515625;12654.7197265625;12654.7197265625;7;0.0;-43.570000000000014;12528.1728515625;12717.9931640625;12654.7197265625;0.0;0.0049999872669790335;0.2412;12610.42822265625;44.29150390625
2012-01-03;12654.7197265625;12907.814453125;12528.1728515625;12717.9931640625;12717.9931640625;107;0.5;-43.070000000000014;12528.1728515625;12907.814453125;12654.7197265625;0.0049999872669790335;-0.014925335314409427;0.2423;12591.446142578125;126.54702148437536
2012-01-04;12591.4462890625;12717.9931640625;12401.625;12528.1728515625;12528.1728515625;107;-1.49;-44.56000000000002;12401.625;12717.9931640625;12591.4462890625;-0.014925335314409427;-0.0050504920589524716;0.2057;12588.282470703125;-60.109619140625
2012-01-05;12401.625;12591.4462890625;12338.3515625;12464.8994140625;12464.8994140625;339;-0.51;-45.070000000000014;12338.3515625;12591.4462890625;12401.625;-0.0050504920589524716;0.005076129008198649;0.2054;12578.791455078124;-113.89204101562427
2012-01-06;12401.625;12591.4462890625;12275.078125;12528.1728515625;12528.1728515625;303;0.51;-44.56000000000002;12275.078125;12591.4462890625;12401.625;0.005076129008198649;-0.015151554126172972;0.2065;12572.464111328125;-44.291259765625
2012-01-09;12528.1728515625;12528.1728515625;12338.3515625;12338.3515625;12338.3515625;175;-1.52;-46.08000000000002;12338.3515625;12528.1728515625;12528.1728515625;-0.015151554126172972;0.010256463427992912;0.2118;12553.48203125;-215.13046874999964
2012-01-10;12528.1728515625;12654.7197265625;12401.625;12464.8994140625;12464.8994140625;49;1.03;-45.05000000000002;12401.625;12654.7197265625;12528.1728515625;0.010256463427992912;0.010152258016397075;0.2093;12550.318359375;-85.4189453125
2012-01-11;12464.8994140625;12591.4462890625;12401.625;12591.4462890625;12591.4462890625;7;1.02;-44.030000000000015;12401.625;12591.4462890625;12464.8994140625;0.010152258016397075;-0.01005022553365642;0.2125;12553.48203125;37.964257812500364
2012-01-12;12591.4462890625;12654.7197265625;12401.625;12464.8994140625;12464.8994140625;14;-1.01;-45.04000000000001;12401.625;12654.7197265625;12591.4462890625;-0.01005022553365642;-0.015228465369592104;0.2123;12543.991015625;-79.09160156250073
2012-01-13;12528.1728515625;12528.1728515625;12275.078125;12275.078125;12275.078125;54;-1.52;-46.56000000000002;12275.078125;12528.1728515625;12528.1728515625;-0.015228465369592104;0.020618583766651266;0.2184;12525.008935546875;-249.93081054687536
2012-01-16;12464.8994140625;12528.1728515625;12338.3515625;12528.1728515625;12528.1728515625;50;2.06;-44.500000000000014;12338.3515625;12528.1728515625;12464.8994140625;0.020618583766651266;0.010100984117904943;0.2321;12518.681591796874;9.491259765625728
2012-01-17;12591.4462890625;12717.9931640625;12401.625;12654.7197265625;12654.7197265625;22;1.01;-43.490000000000016;12401.625;12717.9931640625;12591.4462890625;0.010100984117904943;0.0049999872669790335;0.2065;12537.663671875;117.05605468750036
2012-01-18;12717.9931640625;12717.9931640625;12528.1728515625;12717.9931640625;12717.9931640625;23;0.5;-42.990000000000016;12528.1728515625;12717.9931640625;12717.9931640625;0.0049999872669790335;-0.009950223542939618;0.2052;12562.973095703124;155.02006835937573
2012-01-19;12654.7197265625;12907.814453125;12591.4462890625;12591.4462890625;12591.4462890625;87;-1.0;-43.990000000000016;12591.4462890625;12907.814453125;12654.7197265625;-0.009950223542939618;0.005025112766828155;0.207;12575.62783203125;15.818457031249636
2012-01-20;12654.7197265625;12717.9931640625;12528.1728515625;12654.7197265625;12654.7197265625;69;0.5;-43.490000000000016;12528.1728515625;12717.9931640625;12654.7197265625;0.005025112766828155;0.0049999872669790335;0.1624;12569.30048828125;85.41923828125073
2012-01-23;12654.7197265625;12907.814453125;12654.7197265625;12717.9931640625;12717.9931640625;146;0.5;-42.990000000000016;12654.7197265625;12907.814453125;12654.7197265625;0.0049999872669790335;0.004975111771469809;0.1541;12575.62783203125;142.36533203124964
2012-01-24;12717.9931640625;12971.087890625;12717.9931640625;12781.2666015625;12781.2666015625;176;0.5;-42.490000000000016;12717.9931640625;12971.087890625;12717.9931640625;0.004975111771469809;0.029702971810015244;0.1541;12581.95517578125;199.31142578125036
2012-01-26;12907.814453125;13160.908203125;12907.814453125;13160.908203125;13160.908203125;53;2.97;-39.52000000000002;12907.814453125;13160.908203125;12907.814453125;0.029702971810015244;-0.004807680178559148;0.1856;12607.264599609374;553.6436035156257
2012-01-27;13034.361328125;13224.1826171875;13034.361328125;13097.634765625;13097.634765625;29;-0.48;-40.000000000000014;13034.361328125;13224.1826171875;13034.361328125;-0.004807680178559148;-0.004830905627790316;0.187;12629.4103515625;468.2244140625007
2012-01-30;12971.087890625;13097.634765625;12844.541015625;13034.361328125;13034.361328125;75;-0.48;-40.48000000000001;12844.541015625;13097.634765625;12971.087890625;-0.004830905627790316;0.014563144620896029;0.1884;12648.392431640625;385.96889648437536
2012-01-31;12907.814453125;13287.4560546875;12907.814453125;13224.1826171875;13224.1826171875;62;1.46;-39.02000000000001;12907.814453125;13287.4560546875;12907.814453125;0.014563144620896029;0.02392338314269926;0.1939;12676.865576171875;547.3170410156254
2012-02-01;13160.908203125;13540.5498046875;13160.908203125;13540.5498046875;13540.5498046875;48;2.39;-36.63000000000001;13160.908203125;13540.5498046875;13160.908203125;0.02392338314269926;0.042056112849115035;0.2085;12717.993408203125;822.556396484375
2012-02-02;13540.5498046875;14236.5595703125;13477.2763671875;14110.0126953125;14110.0126953125;849;4.21;-32.42000000000001;13477.2763671875;14236.5595703125;13540.5498046875;0.042056112849115035;-0.0044842934493616315;0.2386;12797.085400390624;1312.9272949218757
2012-02-03;13856.91796875;14299.8330078125;13856.91796875;14046.7392578125;14046.7392578125;42;-0.45;-32.87000000000001;13856.91796875;14299.8330078125;13856.91796875;-0.0044842934493616315;0.004504492917444036;0.2383;12876.177392578125;1170.5618652343746
2012-02-06;14173.2861328125;14236.5595703125;13920.19140625;14110.0126953125;14110.0126953125;354;0.45;-32.42000000000001;13920.19140625;14236.5595703125;14173.2861328125;0.004504492917444036;0.03139012335613578;0.2383;12955.269384765625;1154.7433105468754
2012-02-07;13983.4658203125;14552.927734375;13983.4658203125;14552.927734375;14552.927734375;51;3.14;-29.28000000000001;13983.4658203125;14552.927734375;13983.4658203125;0.03139012335613578;0.004347815000176558;0.2406;13065.998193359375;1486.9295410156246
2012-02-08;14552.927734375;14742.748046875;14552.927734375;14616.201171875;14616.201171875;49;0.43;-28.85000000000001;14552.927734375;14742.748046875;14552.927734375;0.004347815000176558;0.0;0.2409;13173.56328125;1442.6378906249993
2012-02-09;14679.474609375;14806.0224609375;14552.927734375;14616.201171875;14616.201171875;1259;0.0;-28.85000000000001;14552.927734375;14806.0224609375;14679.474609375;0.0;-0.004328993338005849;0.2425;13274.801025390625;1341.400146484375
2012-02-10;14552.927734375;14869.2958984375;14363.107421875;14552.927734375;14552.927734375;317;-0.43;-29.28000000000001;14363.107421875;14869.2958984375;14552.927734375;-0.004328993338005849;0.04782609921033121;0.2377;13379.20244140625;1173.7252929687493
2012-02-13;14806.0224609375;15248.9375;14806.0224609375;15248.9375;15248.9375;42;4.78;-24.500000000000007;14806.0224609375;15248.9375;14806.0224609375;0.04782609921033121;0.02074689886180603;0.2607;13527.89541015625;1721.0420898437496
2012-02-14;15185.6640625;16071.494140625;15059.1162109375;15565.3056640625;15565.3056640625;85;2.07;-22.430000000000007;15059.1162109375;16071.494140625;15185.6640625;0.02074689886180603;-0.01626018351485703;0.2608;13679.75205078125;1885.5536132812504
2012-02-15;15755.1259765625;16008.220703125;15312.2109375;15312.2109375;15312.2109375;65;-1.63;-24.060000000000006;15312.2109375;16008.220703125;15755.1259765625;-0.01626018351485703;0.008264441726706151;0.2782;13812.626611328125;1499.5843261718746
2012-02-16;15248.9375;15502.03125;15185.6640625;15438.7578125;15438.7578125;17;0.83;-23.230000000000008;15185.6640625;15502.03125;15248.9375;0.008264441726706151;0.00409835028623684;0.2777;13948.66484375;1490.0929687499993
2012-02-17;15691.8525390625;15691.8525390625;15185.6640625;15502.03125;15502.03125;59;0.41;-22.820000000000007;15185.6640625;15691.8525390625;15691.8525390625;0.00409835028623684;-0.016326489472145767;0.2688;14094.194091796875;1407.837158203125
2012-02-23;15691.8525390625;15691.8525390625;15248.9375;15248.9375;15248.9375;66;-1.63;-24.450000000000006;15248.9375;15691.8525390625;15691.8525390625;-0.016326489472145767;-0.008298797969530702;0.2848;14223.90498046875;1025.0325195312507
2012-02-24;15438.7578125;15438.7578125;14742.748046875;15122.3896484375;15122.3896484375;26;-0.83;-25.280000000000005;14742.748046875;15438.7578125;15438.7578125;-0.008298797969530702;-0.037656873503543076;0.2915;14344.1248046875;778.2648437499993
2012-02-27;14995.8427734375;14995.8427734375;14426.380859375;14552.927734375;14552.927734375;104;-3.77;-29.050000000000004;14426.380859375;14995.8427734375;14995.8427734375;-0.037656873503543076;0.017391327104900878;0.335;14432.707861328125;120.21987304687536
2012-02-28;14806.0224609375;15122.3896484375;14552.927734375;14806.0224609375;14806.0224609375;98;1.74;-27.310000000000006;14552.927734375;15122.3896484375;14806.0224609375;0.017391327104900878;-0.008547052518417364;0.3266;14514.96357421875;291.0588867187507
2012-02-29;14932.5693359375;14932.5693359375;14552.927734375;14679.474609375;14679.474609375;226;-0.85;-28.160000000000007;14552.927734375;14932.5693359375;14932.5693359375;-0.008547052518417364;-0.012931001793400121;0.3285;14594.05556640625;85.41904296874964
2012-03-01;14742.748046875;14742.748046875;14489.654296875;14489.654296875;14489.654296875;35;-1.29;-29.450000000000006;14489.654296875;14742.748046875;14742.748046875;-0.012931001793400121;0.017467204173020612;0.3332;14666.82021484375;-177.16591796875036
2012-03-02;14616.201171875;14932.5693359375;14552.927734375;14742.748046875;14742.748046875;81;1.75;-27.700000000000006;14552.927734375;14932.5693359375;14616.201171875;0.017467204173020612;-0.012875504071321098;0.3344;14742.748486328124;-0.00043945312427240424
2012-03-05;14742.748046875;14869.2958984375;14363.107421875;14552.927734375;14552.927734375;37;-1.29;-28.990000000000006;14363.107421875;14869.2958984375;14742.748046875;-0.012875504071321098;-0.008695630000353005;0.3333;14793.3673828125;-240.43964843749927
2012-03-06;14679.474609375;14679.474609375;14236.5595703125;14426.380859375;14426.380859375;45;-0.87;-29.860000000000007;14236.5595703125;14679.474609375;14679.474609375;-0.008695630000353005;0.026315789473684292;0.3034;14809.185791015625;-382.804931640625
2012-03-07;14426.380859375;14869.2958984375;14426.380859375;14806.0224609375;14806.0224609375;15;2.63;-27.230000000000008;14426.380859375;14869.2958984375;14426.380859375;0.026315789473684292;0.004273493280652074;0.3151;14847.149951171876;-41.12749023437573
2012-03-08;14742.748046875;14869.2958984375;14616.201171875;14869.2958984375;14869.2958984375;39;0.43;-26.800000000000008;14616.201171875;14869.2958984375;14742.748046875;0.004273493280652074;-0.0212766069236503;0.3151;14885.114111328125;-15.818212890624636
2012-03-09;14932.5693359375;14932.5693359375;14552.927734375;14552.927734375;14552.927734375;23;-2.13;-28.930000000000007;14552.927734375;14932.5693359375;14932.5693359375;-0.0212766069236503;-0.013043445000529452;0.3071;14885.114111328125;-332.18637695312464
2012-03-12;14616.201171875;14616.201171875;14363.107421875;14363.107421875;14363.107421875;56;-1.3;-30.230000000000008;14363.107421875;14616.201171875;14616.201171875;-0.013043445000529452;0.017621099847414445;0.3102;14872.459423828124;-509.3520019531243
2012-03-13;14489.654296875;14742.748046875;14299.8330078125;14616.201171875;14616.201171875;67;1.76;-28.470000000000006;14299.8330078125;14742.748046875;14489.654296875;0.017621099847414445;-0.017315973352023395;0.3169;14872.459423828124;-256.2582519531243
2012-03-14;14616.201171875;14742.748046875;14363.107421875;14363.107421875;14363.107421875;38;-1.73;-30.200000000000006;14363.107421875;14742.748046875;14616.201171875;-0.017315973352023395;0.004405274961853722;0.3227;14862.968408203125;-499.86098632812536
2012-03-15;14363.107421875;14552.927734375;14299.8330078125;14426.380859375;14426.380859375;18;0.44;-29.760000000000005;14299.8330078125;14552.927734375;14363.107421875;0.004405274961853722;0.008771907260285872;0.2688;14821.840576171875;-395.459716796875
2012-03-16;14363.107421875;14552.927734375;14363.107421875;14552.927734375;14552.927734375;5;0.88;-28.880000000000006;14363.107421875;14552.927734375;14363.107421875;0.008771907260285872;0.026086957105253772;0.2581;14771.2216796875;-218.2939453125
2012-03-19;14552.927734375;14932.5693359375;14552.927734375;14932.5693359375;14932.5693359375;32;2.61;-26.270000000000007;14552.927734375;14932.5693359375;14552.927734375;0.026086957105253772;0.03813556135259355;0.2731;14752.239599609375;180.32973632812536
2012-03-20;14806.0224609375;15502.03125;14806.0224609375;15502.03125;15502.03125;170;3.81;-22.460000000000008;14806.0224609375;15502.03125;14806.0224609375;0.03813556135259355;-0.004081622368036442;0.3054;14755.403271484374;746.6279785156257
2012-03-21;15312.2109375;15691.8525390625;15185.6640625;15438.7578125;15438.7578125;66;-0.41;-22.870000000000008;15185.6640625;15691.8525390625;15312.2109375;-0.004081622368036442;0.045081979656515836;0.3054;14752.239599609375;686.5182128906254
2012-03-22;15248.9375;16134.767578125;15248.9375;16134.767578125;16134.767578125;66;4.51;-18.360000000000007;15248.9375;16134.767578125;15248.9375;0.045081979656515836;0.011764736501060913;0.338;14796.531103515625;1338.2364746093754
2012-03-23;16134.767578125;16514.41015625;16008.220703125;16324.5888671875;16324.5888671875;56;1.18;-17.180000000000007;16008.220703125;16514.41015625;16134.767578125;0.011764736501060913;0.00775185822240565;0.3366;14856.641064453124;1467.9478027343757
2012-03-26;16324.5888671875;16767.50390625;16324.5888671875;16451.134765625;16451.134765625;40;0.78;-16.400000000000006;16324.5888671875;16767.50390625;16324.5888671875;0.00775185822240565;0.007692407236820298;0.2984;14951.551416015625;1499.5833496093746
2012-03-27;16514.41015625;16577.68359375;16324.5888671875;16577.68359375;16577.68359375;86;0.77;-15.630000000000006;16324.5888671875;16577.68359375;16514.41015625;0.007692407236820298;-0.02290082181735753;0.2956;15040.13447265625;1537.5491210937507
2012-03-28;16451.134765625;16577.68359375;16134.767578125;16198.041015625;16198.041015625;119;-2.29;-17.920000000000005;16134.767578125;16577.68359375;16451.134765625;-0.02290082181735753;0.007812540506622279;0.309;15116.06279296875;1081.9782226562493
2012-03-29;16198.041015625;16324.5888671875;15944.947265625;16324.5888671875;16324.5888671875;9;0.78;-17.140000000000004;15944.947265625;16324.5888671875;16198.041015625;0.007812540506622279;-0.019379854931501628;0.3016;15207.809521484374;1116.7793457031257
2012-03-30;16387.861328125;16451.134765625;15944.947265625;16008.220703125;16008.220703125;262;-1.94;-19.080000000000005;15944.947265625;16451.134765625;16387.861328125;-0.019379854931501628;-0.03162059435038811;0.3114;15271.083154296875;737.1375488281246
2012-04-02;15248.9375;15565.3056640625;14552.927734375;15502.03125;15502.03125;237;-3.16;-22.240000000000006;14552.927734375;15565.3056640625;15248.9375;-0.03162059435038811;0.0081633077318497;0.3316;15318.538330078125;183.492919921875
2012-04-03;15312.2109375;15944.947265625;14932.5693359375;15628.5791015625;15628.5791015625;78;0.82;-21.420000000000005;14932.5693359375;15944.947265625;15312.2109375;0.0081633077318497;-0.016194352981020232;0.3289;15378.6482421875;249.93085937499927
2012-04-04;15185.6640625;15691.8525390625;15185.6640625;15375.484375;15375.484375;132;-1.62;-23.040000000000006;15185.6640625;15691.8525390625;15185.6640625;-0.016194352981020232;0.016460927043965068;0.3256;15407.121337890625;-31.636962890625
2012-04-05;15691.8525390625;15691.8525390625;15312.2109375;15628.5791015625;15628.5791015625;25;1.65;-21.390000000000008;15312.2109375;15691.8525390625;15691.8525390625;0.016460927043965068;-0.012145780357186942;0.3295;15445.085498046876;183.49360351562427
2012-04-09;15691.8525390625;15691.8525390625;15122.3896484375;15438.7578125;15438.7578125;10;-1.21;-22.60000000000001;15122.3896484375;15691.8525390625;15691.8525390625;-0.012145780357186942;0.00409835028623684;0.3222;15489.377001953126;-50.61918945312573
2012-04-10;15248.9375;15502.03125;15122.3896484375;15502.03125;15502.03125;7;0.41;-22.19000000000001;15122.3896484375;15502.03125;15248.9375;0.00409835028623684;-0.012244867104109325;0.3165;15546.323193359374;-44.29194335937427
2012-04-11;15502.03125;15502.03125;15122.3896484375;15312.2109375;15312.2109375;11;-1.22;-23.410000000000007;15122.3896484375;15502.03125;15502.03125;-0.012244867104109325;0.008264441726706151;0.3172;15581.123681640625;-268.91274414062536
2012-04-12;15438.7578125;15502.03125;15185.6640625;15438.7578125;15438.7578125;10;0.83;-22.58000000000001;15185.6640625;15502.03125;15438.7578125;0.008264441726706151;-0.00819670057247357;0.3089;15634.906201171874;-196.14838867187427
2012-04-13;15375.484375;15375.484375;15185.6640625;15312.2109375;15312.2109375;1;-0.82;-23.40000000000001;15185.6640625;15375.484375;15375.484375;-0.00819670057247357;0.0041322208633529645;0.3118;15679.197705078124;-366.9867675781243
2012-04-16;15312.2109375;15375.484375;15185.6640625;15375.484375;15375.484375;5;0.41;-22.99000000000001;15185.6640625;15375.484375;15312.2109375;0.0041322208633529645;0.0;0.3111;15720.325537109375;-344.84116210937464
2012-04-17;15375.484375;15691.8525390625;15312.2109375;15375.484375;15375.484375;6;0.0;-22.99000000000001;15312.2109375;15691.8525390625;15375.484375;0.0;0.008230431764852941;0.2989;15742.4712890625;-366.98691406249964
2012-04-18;15502.03125;15502.03125;15122.3896484375;15502.03125;15502.03125;21;0.82;-22.17000000000001;15122.3896484375;15502.03125;15502.03125;0.008230431764852941;0.004081685363813259;0.2677;15742.4712890625;-240.44003906249964
2012-04-19;15565.3056640625;15691.8525390625;15375.484375;15565.3056640625;15565.3056640625;42;0.41;-21.76000000000001;15375.484375;15691.8525390625;15565.3056640625;0.004081685363813259;0.008130060387582017;0.2675;15748.798681640625;-183.49301757812464
2012-04-20;15628.5791015625;15818.3994140625;15502.03125;15691.8525390625;15691.8525390625;5;0.81;-20.95000000000001;15502.03125;15818.3994140625;15628.5791015625;0.008130060387582017;-0.012096805561355395;0.2124;15726.6529296875;-34.800390624999636
2012-04-23;15565.3056640625;15565.3056640625;15185.6640625;15502.03125;15502.03125;34;-1.21;-22.16000000000001;15185.6640625;15565.3056640625;15565.3056640625;-0.012096805561355395;0.0;0.2098;15685.525048828125;-183.49379882812536
2012-04-24;15502.03125;15502.03125;15312.2109375;15502.03125;15502.03125;29;0.0;-22.16000000000001;15312.2109375;15502.03125;15502.03125;0.0;0.0081633077318497;0.2066;15638.069873046876;-136.03862304687573
2012-04-25;15502.03125;15691.8525390625;15502.03125;15628.5791015625;15628.5791015625;57;0.82;-21.34000000000001;15502.03125;15691.8525390625;15502.03125;0.0081633077318497;0.0;0.2069;15590.6146484375;37.964453124999636
2012-04-26;15502.03125;15628.5791015625;15312.2109375;15628.5791015625;15628.5791015625;6;0.0;-21.34000000000001;15312.2109375;15628.5791015625;15502.03125;0.0;-0.016194352981020232;0.193;15562.141552734374;66.43754882812573
2012-04-27;15565.3056640625;15565.3056640625;15185.6640625;15375.484375;15375.484375;26;-1.62;-22.96000000000001;15185.6640625;15565.3056640625;15565.3056640625;-0.016194352981020232;-0.02057614292639154;0.196;15514.686328125;-139.20195312500073
2012-04-30;15375.484375;15502.03125;15059.1162109375;15059.1162109375;15059.1162109375;104;-2.06;-25.02000000000001;15059.1162109375;15502.03125;15375.484375;-0.02057614292639154;0.016806745031868298;0.1974;15467.231103515625;-408.11489257812536
2012-05-02;15185.6640625;15375.484375;15122.3896484375;15312.2109375;15312.2109375;104;1.68;-23.34000000000001;15122.3896484375;15375.484375;15185.6640625;0.016806745031868298;0.0;0.1781;15457.740087890625;-145.52915039062464
2012-05-03;15122.3896484375;15755.1259765625;14869.2958984375;15312.2109375;15312.2109375;23;0.0;-23.34000000000001;14869.2958984375;15755.1259765625;15122.3896484375;0.0;-0.041322336186958686;0.1752;15441.9216796875;-129.71074218750073
2012-05-04;15565.3056640625;15565.3056640625;14679.474609375;14679.474609375;14679.474609375;392;-4.13;-27.47000000000001;14679.474609375;15565.3056640625;15565.3056640625;-0.041322336186958686;0.008620734387978723;0.2209;15407.12119140625;-727.6465820312496
2012-05-07;14995.8427734375;14995.8427734375;14236.5595703125;14806.0224609375;14806.0224609375;16;0.86;-26.61000000000001;14236.5595703125;14995.8427734375;14995.8427734375;0.008620734387978723;-0.008547052518417364;0.2137;15365.993359375;-559.9708984374993
2012-05-08;14679.474609375;14679.474609375;14299.8330078125;14679.474609375;14679.474609375;2;-0.85;-27.46000000000001;14299.8330078125;14679.474609375;14679.474609375;-0.008547052518417364;-0.021551669655666905;0.212;15328.02919921875;-648.5545898437504
2012-05-09;14426.380859375;14489.654296875;14046.7392578125;14363.107421875;14363.107421875;18;-2.16;-29.62000000000001;14046.7392578125;14489.654296875;14426.380859375;-0.021551669655666905;0.022026374809268168;0.2208;15271.0830078125;-907.9755859375
2012-05-10;14806.0224609375;14806.0224609375;14552.927734375;14679.474609375;14679.474609375;3;2.2;-27.420000000000012;14552.927734375;14806.0224609375;14806.0224609375;0.022026374809268168;0.0;0.2363;15239.44619140625;-559.9715820312504
2012-05-11;14552.927734375;14679.474609375;14426.380859375;14679.474609375;14679.474609375;6;0.0;-27.420000000000012;14426.380859375;14679.474609375;14552.927734375;0.0;-0.03879307190591241;0.2333;15201.48203125;-522.0074218749996
2012-05-14;14426.380859375;14616.201171875;14110.0126953125;14110.0126953125;14110.0126953125;20;-3.88;-31.30000000000001;14110.0126953125;14616.201171875;14426.380859375;-0.03879307190591241;-0.03587441680549741;0.2663;15141.372119140626;-1031.3594238281257
2012-05-15;14363.107421875;14489.654296875;13097.634765625;13603.82421875;13603.82421875;21;-3.59;-34.890000000000015;13097.634765625;14489.654296875;14363.107421875;-0.03587441680549741;0.018604603082945204;0.2872;15052.789111328126;-1448.9648925781257
2012-05-16;14363.107421875;14426.380859375;13477.2763671875;13856.91796875;13856.91796875;8;1.86;-33.030000000000015;13477.2763671875;14426.380859375;14363.107421875;0.018604603082945204;-0.04109585662170656;0.2997;14976.860791015624;-1119.9428222656243
2012-05-17;13730.37109375;13730.37109375;12971.087890625;13287.4560546875;13287.4560546875;40;-4.11;-37.140000000000015;12971.087890625;13730.37109375;13730.37109375;-0.04109585662170656;0.023809536058702063;0.3211;14866.13203125;-1578.6759765624993
2012-05-18;13667.09765625;13856.91796875;13287.4560546875;13603.82421875;13603.82421875;10;2.38;-34.76000000000001;13287.4560546875;13856.91796875;13667.09765625;0.023809536058702063;0.0;0.3378;14768.057958984375;-1164.2337402343746
2012-05-21;13603.82421875;13603.82421875;13603.82421875;13603.82421875;13603.82421875;0;0.0;-34.76000000000001;13603.82421875;13603.82421875;13603.82421875;0.0;-0.03720934973765133;0.3343;14663.65654296875;-1059.8323242187507
2012-05-22;13603.82421875;13603.82421875;13097.634765625;13097.634765625;13097.634765625;332;-3.72;-38.48000000000001;13097.634765625;13603.82421875;13603.82421875;-0.03720934973765133;-0.03381641395474999;0.351;14543.43671875;-1445.8019531249993
2012-05-23;13287.4560546875;13287.4560546875;12401.625;12654.7197265625;12654.7197265625;510;-3.38;-41.860000000000014;12401.625;13287.4560546875;13287.4560546875;-0.03381641395474999;0.0;0.3609;14401.071142578125;-1746.3514160156246
2012-05-24;12717.9931640625;12717.9931640625;12275.078125;12654.7197265625;12654.7197265625;16;0.0;-41.860000000000014;12275.078125;12717.9931640625;12717.9931640625;0.0;0.0;0.3567;14252.378173828125;-1597.658447265625
2012-05-25;12591.4462890625;12654.7197265625;12528.1728515625;12654.7197265625;12654.7197265625;5;0.0;-41.860000000000014;12528.1728515625;12654.7197265625;12591.4462890625;0.0;0.02000002623774022;0.3567;14103.685205078125;-1448.9654785156254
2012-05-28;12654.7197265625;12971.087890625;12464.8994140625;12907.814453125;12907.814453125;31;2.0;-39.860000000000014;12464.8994140625;12971.087890625;12654.7197265625;0.02000002623774022;-0.039215736712302274;0.3715;13980.301708984374;-1072.4872558593743
2012-05-29;12654.7197265625;12907.814453125;12338.3515625;12401.625;12401.625;64;-3.92;-43.780000000000015;12338.3515625;12907.814453125;12654.7197265625;-0.039215736712302274;0.015306162624857622;0.3852;13847.4271484375;-1445.8021484375004
2012-05-30;12338.3515625;12591.4462890625;12338.3515625;12591.4462890625;12591.4462890625;11;1.53;-42.250000000000014;12338.3515625;12591.4462890625;12338.3515625;0.015306162624857622;-0.04522617001667717;0.3839;13711.388916015625;-1119.942626953125
2012-05-31;12338.3515625;12401.625;11705.6162109375;12021.9833984375;12021.9833984375;106;-4.52;-46.77000000000001;11705.6162109375;12401.625;12338.3515625;-0.04522617001667717;-0.03684209371974889;0.4022;13546.8775390625;-1524.8941406249996
2012-06-01;11832.1630859375;12085.2578125;11579.068359375;11579.068359375;11579.068359375;17;-3.68;-50.45000000000001;11579.068359375;12085.2578125;11832.1630859375;-0.03684209371974889;-0.03278688662850171;0.3982;13391.8572265625;-1812.7888671875007
2012-06-04;11642.341796875;12211.8046875;10503.4169921875;11199.4267578125;11199.4267578125;115;-3.28;-53.73000000000001;10503.4169921875;12211.8046875;11642.341796875;-0.03278688662850171;-0.016949109682563468;0.3976;13211.52744140625;-2012.1006835937496
2012-06-05;11199.4267578125;11515.794921875;10756.51171875;11009.6064453125;11009.6064453125;21;-1.69;-55.42000000000001;10756.51171875;11515.794921875;11199.4267578125;-0.016949109682563468;-0.02298853531410827;0.3973;13028.034033203125;-2018.4275878906246
2012-06-06;10819.78515625;11262.7001953125;10693.23828125;10756.51171875;10756.51171875;133;-2.3;-57.720000000000006;10693.23828125;11262.7001953125;10819.78515625;-0.02298853531410827;-0.011764675975708072;0.3977;12847.704248046875;-2091.1925292968754
2012-06-08;10883.05859375;10946.3330078125;10313.5966796875;10629.96484375;10629.96484375;43;-1.18;-58.900000000000006;10313.5966796875;10946.3330078125;10883.05859375;-0.011764675975708072;0.017857096922724747;0.3744;12645.228759765625;-2015.263916015625
2012-06-11;10566.69140625;11072.8798828125;10566.69140625;10819.78515625;10819.78515625;7;1.79;-57.11000000000001;10566.69140625;11072.8798828125;10566.69140625;0.017857096922724747;-0.00584793843743292;0.3894;12452.244287109375;-1632.4591308593754
2012-06-12;10946.3330078125;10946.3330078125;10503.4169921875;10756.51171875;10756.51171875;10;-0.58;-57.690000000000005;10503.4169921875;10946.3330078125;10946.3330078125;-0.00584793843743292;-0.0058823379878539805;0.38;12284.56923828125;-1528.0575195312504
2012-06-13;10503.4169921875;10756.51171875;10440.1435546875;10693.23828125;10693.23828125;15;-0.59;-58.28000000000001;10440.1435546875;10756.51171875;10503.4169921875;-0.0058823379878539805;-0.02366866985525684;0.3711;12139.03994140625;-1445.8016601562504
2012-06-14;10440.1435546875;10566.69140625;10313.5966796875;10440.1435546875;10440.1435546875;6;-2.37;-60.650000000000006;10313.5966796875;10566.69140625;10440.1435546875;-0.02366866985525684;0.012121275047571656;0.3553;11968.201220703126;-1528.0576660156257
2012-06-15;10376.8701171875;10756.51171875;10376.8701171875;10566.69140625;10566.69140625;5;1.21;-59.440000000000005;10376.8701171875;10756.51171875;10376.8701171875;0.012121275047571656;0.0;0.3513;11832.16298828125;-1265.4715820312504
2012-06-18;10566.69140625;10566.69140625;10566.69140625;10566.69140625;10566.69140625;0;0.0;-59.440000000000005;10566.69140625;10566.69140625;10566.69140625;0.0;0.005988008456703442;0.3294;11680.30634765625;-1113.6149414062493
2012-06-19;10693.23828125;10693.23828125;10566.69140625;10629.96484375;10629.96484375;52;0.6;-58.84;10566.69140625;10693.23828125;10693.23828125;0.005988008456703442;-0.011904823150652777;0.333;11531.61337890625;-901.6485351562496
2012-06-20;10566.69140625;10566.69140625;10376.8701171875;10503.4169921875;10503.4169921875;4;-1.19;-60.03;10376.8701171875;10566.69140625;10566.69140625;-0.011904823150652777;-0.012048162525978623;0.3195;11401.902490234375;-898.4854980468754
2012-06-21;10629.96484375;10629.96484375;10187.0498046875;10376.8701171875;10376.8701171875;8;-1.2;-61.230000000000004;10187.0498046875;10629.96484375;10629.96484375;-0.012048162525978623;0.01219509096393101;0.3078;11288.010009765625;-911.139892578125
2012-06-22;10503.4169921875;10503.4169921875;10123.775390625;10503.4169921875;10503.4169921875;7;1.22;-60.010000000000005;10123.775390625;10503.4169921875;10503.4169921875;0.01219509096393101;-0.03012040631494639;0.3158;11180.444873046876;-677.0278808593757
2012-06-25;10313.5966796875;10313.5966796875;10187.0498046875;10187.0498046875;10187.0498046875;247;-3.01;-63.02;10187.0498046875;10313.5966796875;10313.5966796875;-0.03012040631494639;-0.06832299625203908;0.3224;11057.061376953125;-870.0115722656246
2012-06-26;10123.775390625;10440.1435546875;9364.4921875;9491.0400390625;9491.0400390625;1589;-6.83;-69.85000000000001;9364.4921875;10440.1435546875;10123.775390625;-0.06832299625203908;0.006666649517817147;0.3613;10886.22265625;-1395.1826171875
2012-06-27;9554.3134765625;9680.8603515625;9301.21875;9554.3134765625;9554.3134765625;56;0.67;-69.18;9301.21875;9680.8603515625;9554.3134765625;0.006666649517817147;-0.006622499633826662;0.3572;10743.857080078125;-1189.5436035156254
2012-06-28;9744.1337890625;9744.1337890625;9427.7666015625;9491.0400390625;9491.0400390625;10;-0.66;-69.84;9427.7666015625;9744.1337890625;9744.1337890625;-0.006622499633826662;0.0;0.3426;10588.836767578125;-1097.7967285156246
2012-06-29;9301.21875;9617.5869140625;9301.21875;9491.0400390625;9491.0400390625;26;0.0;-69.84;9301.21875;9617.5869140625;9301.21875;0.0;0.0;0.3247;10462.289599609376;-971.2495605468757
2012-07-02;9680.8603515625;9680.8603515625;9491.0400390625;9491.0400390625;9491.0400390625;3;0.0;-69.84;9491.0400390625;9680.8603515625;9680.8603515625;0.0;0.0;0.3128;10357.88818359375;-866.84814453125
2012-07-03;9554.3134765625;9680.8603515625;9301.21875;9491.0400390625;9491.0400390625;76;0.0;-69.84;9301.21875;9680.8603515625;9554.3134765625;0.0;0.0;0.3021;10272.46884765625;-781.4288085937496
2012-07-04;9427.7666015625;9680.8603515625;9364.4921875;9491.0400390625;9491.0400390625;15;0.0;-69.84;9364.4921875;9680.8603515625;9427.7666015625;0.0;-0.013333401928731115;0.3015;10196.54052734375;-705.50048828125
2012-07-05;9491.0400390625;9554.3134765625;9301.21875;9364.4921875;9364.4921875;11;-1.33;-71.17;9301.21875;9554.3134765625;9491.0400390625;-0.013333401928731115;-0.006756739845910631;0.2967;10126.93955078125;-762.4473632812496
2012-07-06;9364.4921875;9364.4921875;9174.671875;9301.21875;9301.21875;2;-0.68;-71.85000000000001;9174.671875;9364.4921875;9364.4921875;-0.006756739845910631;-0.027210815786909648;0.2961;10060.50224609375;-759.2834960937507
2012-07-10;9174.671875;9301.21875;8795.0302734375;9048.125;9048.125;11;-2.72;-74.57000000000001;8795.0302734375;9301.21875;9174.671875;-0.027210815786909648;0.00699298887891131;0.2902;9971.91923828125;-923.7942382812507
2012-07-11;8795.0302734375;9174.671875;8795.0302734375;9111.3984375;9111.3984375;19;0.7;-73.87;8795.0302734375;9174.671875;8795.0302734375;0.00699298887891131;0.006944426581059648;0.2954;9889.66357421875;-778.26513671875
2012-07-12;9174.671875;9174.671875;8795.0302734375;9174.671875;9174.671875;83;0.69;-73.18;8795.0302734375;9174.671875;9174.671875;0.006944426581059648;0.013793068212589299;0.3001;9813.73525390625;-639.0633789062504
2012-07-13;8921.5771484375;9491.0400390625;8921.5771484375;9301.21875;9301.21875;35;1.38;-71.80000000000001;8921.5771484375;9491.0400390625;8921.5771484375;0.013793068212589299;0.0;0.3027;9756.789013671874;-455.5702636718743
2012-07-16;9301.21875;9301.21875;9301.21875;9301.21875;9301.21875;0;0.0;-71.80000000000001;9301.21875;9301.21875;9301.21875;0.0;0.006802703946727329;0.2963;9693.515380859375;-392.296630859375
2012-07-17;9174.671875;9427.7666015625;9174.671875;9364.4921875;9364.4921875;51;0.68;-71.12;9174.671875;9427.7666015625;9174.671875;0.006802703946727329;-0.027026959383642524;0.2992;9633.405419921875;-268.91323242187536
2012-07-18;9111.3984375;9301.21875;9111.3984375;9111.3984375;9111.3984375;7;-2.7;-73.82000000000001;9111.3984375;9301.21875;9111.3984375;-0.027026959383642524;0.020833279743178723;0.3048;9557.477099609376;-446.0786621093757
2012-07-19;9174.671875;9364.4921875;9111.3984375;9301.21875;9301.21875;2;2.08;-71.74000000000001;9111.3984375;9364.4921875;9174.671875;0.020833279743178723;-0.013605407893454768;0.3202;9497.3671875;-196.1484375
2012-07-20;9301.21875;9364.4921875;8858.3037109375;9174.671875;9174.671875;4;-1.36;-73.10000000000001;8858.3037109375;9364.4921875;9301.21875;-0.013605407893454768;0.0;0.3207;9437.257275390624;-262.5854003906243
2012-07-23;9237.9453125;9237.9453125;8921.5771484375;9174.671875;9174.671875;33;0.0;-73.10000000000001;8921.5771484375;9237.9453125;9237.9453125;0.0;0.0;0.3144;9370.82001953125;-196.14814453124927
2012-07-24;9237.9453125;9301.21875;8858.3037109375;9174.671875;9174.671875;16;0.0;-73.10000000000001;8858.3037109375;9301.21875;9237.9453125;0.0;-0.02068970876002041;0.3024;9320.201123046874;-145.52924804687427
2012-07-25;9174.671875;9301.21875;8984.8505859375;8984.8505859375;8984.8505859375;6;-2.07;-75.17;8984.8505859375;9301.21875;9174.671875;-0.02068970876002041;0.00704234460632347;0.2002;9294.891650390626;-310.0410644531257
2012-07-26;9174.671875;9301.21875;8984.8505859375;9048.125;9048.125;334;0.7;-74.47;8984.8505859375;9301.21875;9174.671875;0.00704234460632347;0.027971955515645464;0.2004;9269.5822265625;-221.45722656249927
2012-07-27;9174.671875;10060.501953125;9111.3984375;9301.21875;9301.21875;47;2.8;-71.67;9111.3984375;10060.501953125;9174.671875;0.027971955515645464;0.006802703946727329;0.2272;9260.091162109375;41.127587890625364
2012-07-30;9491.0400390625;9617.5869140625;9301.21875;9364.4921875;9364.4921875;418;0.68;-70.99;9301.21875;9617.5869140625;9491.0400390625;0.006802703946727329;-0.006756739845910631;0.2288;9253.76376953125;110.72841796875036
2012-07-31;9427.7666015625;9427.7666015625;9174.671875;9301.21875;9301.21875;24;-0.68;-71.67;9174.671875;9427.7666015625;9427.7666015625;-0.006756739845910631;0.0;0.2298;9244.272705078125;56.946044921875
2012-08-01;9491.0400390625;9491.0400390625;9174.671875;9301.21875;9301.21875;8;0.0;-71.67;9174.671875;9491.0400390625;9491.0400390625;0.0;0.006802703946727329;0.2298;9234.781640625;66.43710937499964
2012-08-02;9174.671875;9427.7666015625;9174.671875;9364.4921875;9364.4921875;12;0.68;-70.99;9174.671875;9427.7666015625;9174.671875;0.006802703946727329;-0.047297283204925544;0.2314;9228.454248046875;136.03793945312464
2012-08-03;9617.5869140625;9617.5869140625;8731.7568359375;8921.5771484375;8921.5771484375;33;-4.73;-75.72;8731.7568359375;9617.5869140625;9617.5869140625;-0.047297283204925544;0.014184470913269243;0.2821;9206.30849609375;-284.73134765625036
2012-08-06;8858.3037109375;9111.3984375;8795.0302734375;9048.125;9048.125;53;1.42;-74.3;8795.0302734375;9111.3984375;8858.3037109375;0.014184470913269243;-0.02097907456655379;0.2875;9193.65380859375;-145.52880859375
2012-08-07;9048.125;9111.3984375;8795.0302734375;8858.3037109375;8858.3037109375;79;-2.1;-76.39999999999999;8795.0302734375;9111.3984375;9048.125;-0.02097907456655379;0.0;0.2808;9184.162744140625;-325.85903320312536
2012-08-08;8984.8505859375;9048.125;8795.0302734375;8858.3037109375;8858.3037109375;22;0.0;-76.39999999999999;8795.0302734375;9048.125;8984.8505859375;0.0;0.007142839031571535;0.2792;9171.5080078125;-313.2042968749993
2012-08-09;8984.8505859375;8984.8505859375;8921.5771484375;8921.5771484375;8921.5771484375;4;0.71;-75.69;8921.5771484375;8984.8505859375;8984.8505859375;0.007142839031571535;0.0;0.2793;9158.853271484375;-237.276123046875
2012-08-10;8984.8505859375;8984.8505859375;8921.5771484375;8921.5771484375;8921.5771484375;4;0.0;-75.69;8921.5771484375;8984.8505859375;8984.8505859375;0.0;0.0;0.2737;9139.87119140625;-218.29404296874964
2012-08-13;8921.5771484375;8921.5771484375;8858.3037109375;8921.5771484375;8921.5771484375;33;0.0;-75.69;8858.3037109375;8921.5771484375;8921.5771484375;0.0;-0.007092180726261166;0.2737;9120.889111328124;-199.31196289062427
2012-08-14;8921.5771484375;8858.3037109375;8731.7568359375;8858.3037109375;8858.3037109375;53;-0.71;-76.39999999999999;8731.7568359375;8858.3037109375;8921.5771484375;-0.007092180726261166;0.0;0.2723;9095.5796875;-237.27597656249964
2012-08-15;8921.5771484375;8921.5771484375;8795.0302734375;8858.3037109375;8858.3037109375;735;0.0;-76.39999999999999;8795.0302734375;8921.5771484375;8921.5771484375;0.0;0.0;0.2566;9082.924951171875;-224.62124023437536
2012-08-16;8858.3037109375;8921.5771484375;8668.4833984375;8858.3037109375;8858.3037109375;404;0.0;-76.39999999999999;8668.4833984375;8921.5771484375;8858.3037109375;0.0;-0.007142839031571646;0.2431;9060.77919921875;-202.47548828125036
2012-08-17;8921.5771484375;8921.5771484375;8795.0302734375;8795.0302734375;8795.0302734375;11;-0.71;-77.10999999999999;8795.0302734375;8921.5771484375;8921.5771484375;-0.007142839031571646;0.0;0.2402;9041.797119140625;-246.766845703125
2012-08-20;8795.0302734375;8795.0302734375;8795.0302734375;8795.0302734375;8795.0302734375;2;0.0;-77.10999999999999;8795.0302734375;8795.0302734375;8795.0302734375;0.0;-0.007194226231499901;0.2402;9022.8150390625;-227.78476562499964
2012-08-21;8668.4833984375;8984.8505859375;8541.935546875;8731.7568359375;8731.7568359375;202;-0.72;-77.82999999999998;8541.935546875;8984.8505859375;8668.4833984375;-0.007194226231499901;-0.014492828183403361;0.2407;9000.669287109375;-268.91245117187464
2012-08-22;8668.4833984375;8795.0302734375;8605.208984375;8605.208984375;8605.208984375;5;-1.45;-79.27999999999999;8605.208984375;8795.0302734375;8668.4833984375;-0.014492828183403361;-0.02205876845578858;0.2354;8981.68720703125;-376.4782226562493
2012-08-23;8605.208984375;8795.0302734375;8225.5673828125;8415.388671875;8415.388671875;15;-2.21;-81.48999999999998;8225.5673828125;8795.0302734375;8605.208984375;-0.02205876845578858;-0.022556449436126447;0.2431;8950.050390625;-534.6617187499996
2012-08-24;8415.388671875;8605.208984375;8225.5673828125;8225.5673828125;8225.5673828125;4;-2.26;-83.74999999999999;8225.5673828125;8605.208984375;8415.388671875;-0.022556449436126447;0.03076927277884156;0.2215;8896.267822265625;-670.700439453125
2012-08-27;8541.935546875;8668.4833984375;8288.841796875;8478.662109375;8478.662109375;4;3.08;-80.66999999999999;8288.841796875;8668.4833984375;8541.935546875;0.03076927277884156;-0.0074626676572047135;0.2539;8851.976318359375;-373.314208984375
2012-08-28;8478.662109375;8605.208984375;8352.115234375;8415.388671875;8415.388671875;28;-0.75;-81.41999999999999;8352.115234375;8605.208984375;8478.662109375;-0.0074626676572047135;0.0;0.254;8807.684814453125;-392.296142578125
2012-08-29;8352.115234375;8478.662109375;8225.5673828125;8415.388671875;8415.388671875;24;0.0;-81.41999999999999;8225.5673828125;8478.662109375;8352.115234375;0.0;0.0;0.254;8763.393310546875;-348.004638671875
2012-08-30;8288.841796875;8415.388671875;8035.7470703125;8415.388671875;8415.388671875;7;0.0;-81.41999999999999;8035.7470703125;8415.388671875;8288.841796875;0.0;-0.06015039644401454;0.2509;8715.938134765625;-300.54946289062536
2012-08-31;8415.388671875;8478.662109375;7909.19970703125;7909.19970703125;7909.19970703125;47;-6.02;-87.43999999999998;7909.19970703125;8478.662109375;8415.388671875;-0.06015039644401454;0.0399999604890493;0.2818;8665.319262695313;-756.1195556640632
2012-09-03;7972.4736328125;8478.662109375;7719.37890625;8225.5673828125;8225.5673828125;13;4.0;-83.43999999999998;7719.37890625;8478.662109375;7972.4736328125;0.0399999604890493;-0.015384577028014212;0.3186;8624.191381835937;-398.62399902343714
2012-09-04;8099.0205078125;8162.29443359375;7909.19970703125;8099.0205078125;8099.0205078125;3;-1.54;-84.97999999999999;7909.19970703125;8162.29443359375;8099.0205078125;-0.015384577028014212;-0.023437500942014466;0.3154;8586.227221679688;-487.2067138671882
2012-09-05;8099.0205078125;8478.662109375;7719.37890625;7909.19970703125;7909.19970703125;9;-2.34;-87.32;7719.37890625;8478.662109375;8099.0205078125;-0.023437500942014466;0.0;0.3221;8538.772021484376;-629.5723144531257
2012-09-06;7909.19970703125;7909.19970703125;7782.65283203125;7909.19970703125;7909.19970703125;45;0.0;-87.32;7782.65283203125;7909.19970703125;7909.19970703125;0.0;0.0;0.3194;8488.153149414062;-578.9534423828118
2012-09-10;7909.19970703125;7909.19970703125;7719.37890625;7909.19970703125;7909.19970703125;9;0.0;-87.32;7719.37890625;7909.19970703125;7909.19970703125;0.0;-0.007999979750637709;0.3194;8437.53427734375;-528.3345703124996
2012-09-11;7719.37890625;7909.19970703125;7719.37890625;7845.92626953125;7845.92626953125;6;-0.8;-88.11999999999999;7719.37890625;7909.19970703125;7719.37890625;-0.007999979750637709;-0.03225804444073255;0.3187;8383.751733398438;-537.8254638671879
2012-09-12;7782.65283203125;7845.92626953125;7592.83203125;7592.83203125;7592.83203125;25;-3.23;-91.35;7592.83203125;7845.92626953125;7782.65283203125;-0.03225804444073255;-0.025000000000000022;0.3319;8320.478149414062;-727.6461181640625
2012-09-13;7592.83203125;7592.83203125;7023.36962890625;7403.01123046875;7403.01123046875;102;-2.5;-93.85;7023.36962890625;7592.83203125;7592.83203125;-0.025000000000000022;0.017093973122608297;0.3362;8247.713525390625;-844.7022949218754
2012-09-14;7403.01123046875;7782.65283203125;7276.4638671875;7529.55810546875;7529.55810546875;22;1.71;-92.14;7276.4638671875;7782.65283203125;7403.01123046875;0.017093973122608297;-0.008403340091637568;0.3474;8181.2762451171875;-651.7181396484375
2012-09-17;7466.28466796875;7529.55810546875;7276.4638671875;7466.28466796875;7466.28466796875;10;-0.84;-92.98;7276.4638671875;7529.55810546875;7466.28466796875;-0.008403340091637568;-0.0338982840243226;0.3474;8114.83896484375;-648.5542968749996
2012-09-18;7403.01123046875;7403.01123046875;7023.36962890625;7213.1904296875;7213.1904296875;19;-3.39;-96.37;7023.36962890625;7403.01123046875;7403.01123046875;-0.0338982840243226;0.026315789473684292;0.3578;8035.74697265625;-822.5565429687504
2012-09-19;7213.1904296875;7403.01123046875;7023.36962890625;7403.01123046875;7403.01123046875;255;2.63;-93.74000000000001;7023.36962890625;7403.01123046875;7213.1904296875;0.026315789473684292;-0.008547052518417364;0.3799;7969.3096923828125;-566.2984619140625
2012-09-20;7276.4638671875;7466.28466796875;7276.4638671875;7339.7373046875;7339.7373046875;9;-0.85;-94.59;7276.4638671875;7466.28466796875;7276.4638671875;-0.008547052518417364;-0.01724133572453357;0.3792;7906.036108398437;-566.2988037109371
2012-09-21;7403.01123046875;7466.28466796875;7213.1904296875;7213.1904296875;7213.1904296875;23;-1.72;-96.31;7213.1904296875;7466.28466796875;7403.01123046875;-0.01724133572453357;0.08771927568133853;0.3771;7845.926196289062;-632.7357666015623
2012-09-24;7276.4638671875;8035.7470703125;7086.64306640625;7845.92626953125;7845.92626953125;126;8.77;-87.54;7086.64306640625;8035.7470703125;7276.4638671875;0.08771927568133853;0.016129053337230914;0.5011;7826.944140625;18.982128906250182
2012-09-25;7845.92626953125;8478.662109375;7782.65283203125;7972.4736328125;7972.4736328125;36;1.61;-85.93;7782.65283203125;8478.662109375;7845.92626953125;0.016129053337230914;-0.04761904761904767;0.4911;7801.634716796875;170.83891601562482
2012-09-26;7909.19970703125;7909.19970703125;7466.28466796875;7592.83203125;7592.83203125;16;-4.76;-90.69000000000001;7466.28466796875;7909.19970703125;7909.19970703125;-0.04761904761904767;0.0;0.5163;7760.506884765625;-167.67485351562482
2012-09-27;7592.83203125;7592.83203125;7466.28466796875;7592.83203125;7592.83203125;53;0.0;-90.69000000000001;7466.28466796875;7592.83203125;7592.83203125;0.0;0.0;0.5163;7719.379052734375;-126.54702148437536
2012-09-28;7656.10546875;7909.19970703125;7466.28466796875;7592.83203125;7592.83203125;16;0.0;-90.69000000000001;7466.28466796875;7909.19970703125;7656.10546875;0.0;0.07499999999999996;0.5163;7678.251220703125;-85.419189453125
2012-10-01;7592.83203125;8162.29443359375;7466.28466796875;8162.29443359375;8162.29443359375;17;7.5;-83.19000000000001;7466.28466796875;8162.29443359375;7592.83203125;0.07499999999999996;-0.023255813953488413;0.5456;7690.90595703125;471.3884765624998
2012-10-02;8099.0205078125;8099.0205078125;7719.37890625;7972.4736328125;7972.4736328125;6;-2.33;-85.52000000000001;7719.37890625;8099.0205078125;8099.0205078125;-0.023255813953488413;0.01587297504242202;0.5335;7678.25126953125;294.2223632812502
2012-10-03;7972.4736328125;8099.0205078125;7909.19970703125;8099.0205078125;8099.0205078125;8;1.59;-83.93;7909.19970703125;8099.0205078125;7972.4736328125;0.01587297504242202;0.015624960435392188;0.5339;7678.25126953125;420.7692382812502
2012-10-04;8099.0205078125;8225.5673828125;7845.92626953125;8225.5673828125;8225.5673828125;17;1.56;-82.37;7845.92626953125;8225.5673828125;8099.0205078125;0.015624960435392188;0.02767405031544068;0.5286;7694.069653320313;531.4977294921873
2012-10-05;8584.2587890625;8846.3740234375;8387.6728515625;8453.2021484375;8453.2021484375;90;2.77;-79.60000000000001;8387.6728515625;8846.3740234375;8584.2587890625;0.02767405031544068;-0.04651170581969044;0.5359;7721.269775390625;731.932373046875
2012-10-08;8125.55810546875;8322.14453125;7928.97216796875;8060.029296875;8060.029296875;32;-4.65;-84.25000000000001;7928.97216796875;8322.14453125;8125.55810546875;-0.04651170581969044;0.01626019116807842;0.565;7728.811254882812;331.21804199218786
2012-10-09;8060.029296875;8191.0869140625;7797.91455078125;8191.0869140625;8191.0869140625;39;1.63;-82.62000000000002;7797.91455078125;8191.0869140625;8060.029296875;0.01626019116807842;0.0;0.5662;7746.069287109375;445.0176269531248
2012-10-10;8125.55810546875;8256.615234375;7863.443359375;8191.0869140625;8191.0869140625;30;0.0;-82.62000000000002;7863.443359375;8256.615234375;8125.55810546875;0.0;-0.04800002336762532;0.5511;7775.98203125;415.10488281250036
2012-10-11;8125.55810546875;8125.55810546875;7732.38623046875;7797.91455078125;7797.91455078125;54;-4.8;-87.42000000000002;7732.38623046875;8125.55810546875;8125.55810546875;-0.04800002336762532;0.05042019385065699;0.5729;7795.727197265625;2.187353515624636
2012-10-15;7797.91455078125;8191.0869140625;7732.38623046875;8191.0869140625;8191.0869140625;13;5.04;-82.38000000000001;7732.38623046875;8191.0869140625;7797.91455078125;0.05042019385065699;-0.023999981878168097;0.5954;7828.803637695312;362.2832763671877
2012-10-16;8191.0869140625;8191.0869140625;7928.97216796875;7994.5009765625;7994.5009765625;23;-2.4;-84.78000000000002;7928.97216796875;8191.0869140625;8191.0869140625;-0.023999981878168097;0.024590144910399125;0.6026;7855.214453125;139.28652343750036
2012-10-17;8125.55810546875;8191.0869140625;7797.91455078125;8191.0869140625;8191.0869140625;38;2.46;-82.32000000000002;7797.91455078125;8191.0869140625;8125.55810546875;0.024590144910399125;-0.008000013829819075;0.5893;7904.10927734375;286.97763671874964
2012-10-18;8060.029296875;8125.55810546875;7994.5009765625;8125.55810546875;8125.55810546875;33;-0.8;-83.12000000000002;7994.5009765625;8125.55810546875;8060.029296875;-0.008000013829819075;0.008064530182812613;0.587;7940.23662109375;185.32148437500018
2012-10-19;8191.0869140625;8322.14453125;7994.5009765625;8191.0869140625;8191.0869140625;323;0.81;-82.31000000000002;7994.5009765625;8322.14453125;8191.0869140625;0.008064530182812613;0.0;0.5847;7982.8041015625;208.28281249999964
2012-10-22;8191.0869140625;8322.14453125;7994.5009765625;8191.0869140625;8191.0869140625;39;0.0;-82.31000000000002;7994.5009765625;8322.14453125;8191.0869140625;0.0;0.0;0.5787;8031.69892578125;159.38798828124982
2012-10-23;8256.615234375;8256.615234375;7994.5009765625;8191.0869140625;8191.0869140625;43;0.0;-82.31000000000002;7994.5009765625;8256.615234375;8256.615234375;0.0;-0.008000013829819075;0.494;8048.956958007812;142.12995605468768
2012-10-24;8191.0869140625;8322.14453125;7994.5009765625;8125.55810546875;8125.55810546875;383;-0.8;-83.11000000000001;7994.5009765625;8322.14453125;8191.0869140625;-0.008000013829819075;0.01612900027359898;0.4927;8056.611181640625;68.94692382812536
2012-10-25;8060.029296875;8387.6728515625;7732.38623046875;8256.615234375;8256.615234375;103;1.61;-81.50000000000001;7732.38623046875;8387.6728515625;8060.029296875;0.01612900027359898;-0.03174596979174138;0.4594;8089.800341796875;166.81489257812518
2012-10-26;8060.029296875;8191.0869140625;7928.97216796875;7994.5009765625;7994.5009765625;17;-3.17;-84.67000000000002;7928.97216796875;8191.0869140625;8060.029296875;-0.03174596979174138;-0.008196735329179528;0.4771;8109.8837890625;-115.3828125
2012-10-29;7994.5009765625;7994.5009765625;7797.91455078125;7928.97216796875;7928.97216796875;10;-0.82;-85.49000000000001;7797.91455078125;7994.5009765625;7994.5009765625;-0.008196735329179528;0.0;0.4787;8126.6907958984375;-197.7186279296875
2012-10-30;7994.5009765625;7994.5009765625;7863.443359375;7928.97216796875;7928.97216796875;2;0.0;-85.49000000000001;7863.443359375;7994.5009765625;7994.5009765625;0.0;0.016528892538643314;0.3949;8115.024682617188;-186.05251464843786
2012-10-31;7994.5009765625;8322.14453125;7797.91455078125;8060.029296875;8060.029296875;26;1.65;-83.84;7797.91455078125;8322.14453125;7994.5009765625;0.016528892538643314;0.0;0.3906;8119.4024658203125;-59.3731689453125
2012-11-01;8060.029296875;8060.029296875;7863.443359375;8060.029296875;8060.029296875;3;0.0;-83.84;7863.443359375;8060.029296875;8060.029296875;0.0;0.0;0.3866;8117.452905273438;-57.423608398437864
2012-11-05;7928.97216796875;8125.55810546875;7863.443359375;8060.029296875;8060.029296875;4;0.0;-83.84;7863.443359375;8125.55810546875;7928.97216796875;0.0;-0.008130035003459102;0.3822;8109.176000976562;-49.146704101562136
2012-11-06;7928.97216796875;7994.5009765625;7928.97216796875;7994.5009765625;7994.5009765625;3;-0.81;-84.65;7928.97216796875;7994.5009765625;7928.97216796875;-0.008130035003459102;0.0;0.3677;8086.240942382812;-91.73996582031214
2012-11-07;7928.97216796875;7994.5009765625;7928.97216796875;7994.5009765625;7994.5009765625;1;0.0;-84.65;7928.97216796875;7994.5009765625;7928.97216796875;0.0;-0.032786880239578764;0.3289;8082.964526367187;-88.46354980468732
2012-11-08;7928.97216796875;7928.97216796875;7732.38623046875;7732.38623046875;7732.38623046875;3;-3.28;-87.93;7732.38623046875;7928.97216796875;7928.97216796875;-0.032786880239578764;-0.03389829973325842;0.3422;8060.0294921875;-327.6432617187502
2012-11-09;7666.857421875;7732.38623046875;7404.74267578125;7470.271484375;7470.271484375;23;-3.39;-91.32000000000001;7404.74267578125;7732.38623046875;7666.857421875;-0.03389829973325842;0.02631576883265674;0.3594;8023.988720703125;-553.7172363281252
2012-11-12;7339.2138671875;7666.857421875;7273.68505859375;7666.857421875;7666.857421875;240;2.63;-88.69000000000001;7273.68505859375;7666.857421875;7339.2138671875;0.02631576883265674;0.0;0.3357;8017.435864257813;-350.5784423828127
2012-11-13;7535.7998046875;7666.857421875;7339.2138671875;7666.857421875;7666.857421875;9;0.0;-88.69000000000001;7339.2138671875;7666.857421875;7535.7998046875;0.0;-0.0683760585780262;0.2765;7991.224389648438;-324.36696777343786
2012-11-14;7666.857421875;7666.857421875;6946.04150390625;7142.6279296875;7142.6279296875;24;-6.84;-95.53000000000002;6946.04150390625;7666.857421875;7666.857421875;-0.0683760585780262;0.009174259244295602;0.3547;7948.6307373046875;-806.0028076171875
2012-11-16;7208.15625;7273.68505859375;7077.09912109375;7208.15625;7208.15625;3;0.92;-94.61000000000001;7077.09912109375;7273.68505859375;7208.15625;0.009174259244295602;-0.03636363266872167;0.3414;7899.484204101563;-691.3279541015627
2012-11-19;7208.15625;7208.15625;6946.04150390625;6946.04150390625;6946.04150390625;42;-3.64;-98.25000000000001;6946.04150390625;7208.15625;7208.15625;-0.03636363266872167;-0.037735845077566;0.3579;7840.508374023438;-894.4668701171877
2012-11-21;6946.04150390625;6946.04150390625;6552.86962890625;6683.9267578125;6683.9267578125;27;-3.77;-102.02000000000001;6552.86962890625;6946.04150390625;6946.04150390625;-0.037735845077566;0.009803938757580788;0.3681;7765.150366210937;-1081.2236083984371
2012-11-22;6814.984375;6814.984375;6421.81201171875;6749.45556640625;6749.45556640625;10;0.98;-101.04;6421.81201171875;6814.984375;6814.984375;0.009803938757580788;0.0;0.3732;7693.068798828125;-943.6132324218752
2012-11-23;6749.45556640625;6880.51318359375;6487.3408203125;6749.45556640625;6749.45556640625;25;0.0;-101.04;6487.3408203125;6880.51318359375;6749.45556640625;0.0;-0.009708754720884949;0.3732;7620.987231445312;-871.5316650390623
2012-11-26;6552.86962890625;6683.9267578125;6487.3408203125;6683.9267578125;6683.9267578125;8;-0.97;-102.01;6487.3408203125;6683.9267578125;6552.86962890625;-0.009708754720884949;0.0;0.3732;7548.9056640625;-864.9789062500004
2012-11-27;6683.9267578125;6683.9267578125;6552.86962890625;6683.9267578125;6683.9267578125;1;0.0;-102.01;6552.86962890625;6683.9267578125;6683.9267578125;0.0;-0.019607804462109635;0.3628;7470.271240234375;-786.344482421875
2012-11-28;6618.3984375;6683.9267578125;6421.81201171875;6552.86962890625;6552.86962890625;8;-1.96;-103.97;6421.81201171875;6683.9267578125;6618.3984375;-0.019607804462109635;-0.07999998807774233;0.3557;7398.189672851562;-845.3200439453121
2012-11-29;6487.3408203125;6487.3408203125;5897.58251953125;6028.64013671875;6028.64013671875;632;-8.0;-111.97;5897.58251953125;6487.3408203125;6487.3408203125;-0.07999998807774233;-0.021739167410120386;0.4345;7303.173071289062;-1274.5329345703121
2012-11-30;6028.64013671875;6028.64013671875;5766.525390625;5897.58251953125;5897.58251953125;43;-2.17;-114.14;5766.525390625;6028.64013671875;6028.64013671875;-0.021739167410120386;0.0;0.4325;7201.603588867188;-1304.0210693359377
2012-12-03;6028.64013671875;6094.16845703125;5832.0537109375;5897.58251953125;5897.58251953125;19;0.0;-114.14;5832.0537109375;6094.16845703125;6028.64013671875;0.0;0.02222226085916934;0.4207;7093.48125;-1195.8987304687498
2012-12-04;5963.111328125;6028.64013671875;5832.0537109375;6028.64013671875;6028.64013671875;25;2.22;-111.92;5832.0537109375;6028.64013671875;5963.111328125;0.02222226085916934;-0.04347825382664372;0.4383;6991.911791992187;-963.2716552734373
2012-12-05;6028.64013671875;6028.64013671875;5504.41064453125;5766.525390625;5766.525390625;62;-4.35;-116.27;5504.41064453125;6028.64013671875;6028.64013671875;-0.04347825382664372;-0.04545453775680697;0.4469;6877.236596679688;-1110.7112060546879
2012-12-06;5766.525390625;5832.0537109375;5373.35302734375;5504.41064453125;5504.41064453125;259;-4.55;-120.82;5373.35302734375;5832.0537109375;5766.525390625;-0.04545453775680697;0.0;0.4575;6752.732080078125;-1248.3214355468754
2012-12-07;5569.93896484375;5569.93896484375;5242.29541015625;5504.41064453125;5504.41064453125;86;0.0;-120.82;5242.29541015625;5569.93896484375;5569.93896484375;0.0;-0.08333338507924182;0.4575;6628.227563476563;-1123.8169189453129
2012-12-10;5307.82421875;5504.41064453125;5045.70947265625;5045.70947265625;5045.70947265625;273;-8.33;-129.15;5045.70947265625;5504.41064453125;5307.82421875;-0.08333338507924182;0.012987035608939435;0.5111;6493.893725585937;-1448.1842529296873
2012-12-11;5111.23828125;5176.76708984375;5045.70947265625;5111.23828125;5111.23828125;4;1.3;-127.85000000000001;5045.70947265625;5176.76708984375;5111.23828125;0.012987035608939435;-0.01282053486610768;0.5219;6375.942065429687;-1264.7037841796873
2012-12-12;5045.70947265625;5111.23828125;5045.70947265625;5045.70947265625;5045.70947265625;40;-1.28;-129.13;5045.70947265625;5111.23828125;5045.70947265625;-0.01282053486610768;0.0;0.4954;6244.88466796875;-1199.1751953125004
2012-12-13;4980.1806640625;5045.70947265625;4980.1806640625;5045.70947265625;5045.70947265625;234;0.0;-129.13;4980.1806640625;5045.70947265625;4980.1806640625;0.0;-0.02597397444630445;0.4954;6113.8272705078125;-1068.1177978515625
2012-12-14;4914.65234375;5045.70947265625;4783.5947265625;4914.65234375;4914.65234375;32;-2.6;-131.73;4783.5947265625;5045.70947265625;4914.65234375;-0.02597397444630445;-0.0666666799136193;0.4625;6002.428491210938;-1087.7761474609379
2012-12-17;4718.06591796875;4849.12353515625;4455.951171875;4587.0087890625;4587.0087890625;106;-6.67;-138.39999999999998;4455.951171875;4849.12353515625;4718.06591796875;-0.0666666799136193;-0.04285721585055624;0.4811;5871.371118164063;-1284.3623291015629
2012-12-18;4521.47998046875;4587.0087890625;4193.83642578125;4390.42236328125;4390.42236328125;43;-4.29;-142.68999999999997;4193.83642578125;4587.0087890625;4521.47998046875;-0.04285721585055624;0.0;0.4843;5743.590161132813;-1353.1677978515627
2012-12-19;4455.951171875;4521.47998046875;4259.365234375;4390.42236328125;4390.42236328125;46;0.0;-142.68999999999997;4259.365234375;4521.47998046875;4455.951171875;0.0;-0.059701487557532906;0.4868;5628.91494140625;-1238.4925781250004
2012-12-20;4390.42236328125;4390.42236328125;4128.3076171875;4128.3076171875;4128.3076171875;22;-5.97;-148.65999999999997;4128.3076171875;4390.42236328125;4390.42236328125;-0.059701487557532906;0.0;0.4922;5497.8575439453125;-1369.5499267578125
2012-12-21;4259.365234375;4324.89404296875;4128.3076171875;4128.3076171875;4128.3076171875;57;0.0;-148.65999999999997;4128.3076171875;4324.89404296875;4259.365234375;0.0;-0.015872984895870634;0.4922;5366.800146484375;-1238.4925292968746
2012-12-26;4062.779052734375;4259.365234375;3866.193115234375;4062.779052734375;4062.779052734375;35;-1.59;-150.24999999999997;3866.193115234375;4259.365234375;4062.779052734375;-0.015872984895870634;0.032258060639224206;0.4903;5235.742761230469;-1172.9637084960941
2012-12-27;3931.7216796875;4324.89404296875;3931.7216796875;4193.83642578125;4193.83642578125;255;3.23;-147.01999999999998;3931.7216796875;4324.89404296875;3931.7216796875;0.032258060639224206;0.0;0.5236;5111.238244628907;-917.4018188476566
2012-12-28;3931.7216796875;4193.83642578125;3931.7216796875;4193.83642578125;4193.83642578125;338;0.0;-147.01999999999998;3931.7216796875;4193.83642578125;3931.7216796875;0.0;0.12499998544646229;0.5296;4993.286584472657;-799.4501586914066
2013-01-02;4259.365234375;4783.5947265625;4193.83642578125;4718.06591796875;4718.06591796875;61;12.5;-134.51999999999998;4193.83642578125;4783.5947265625;4259.365234375;0.12499998544646229;0.08333337645492689;0.7014;4927.757873535156;-209.69195556640625
2013-01-03;4718.06591796875;5307.82421875;4718.06591796875;5111.23828125;5111.23828125;100;8.33;-126.18999999999998;4718.06591796875;5307.82421875;4718.06591796875;0.08333337645492689;0.02564097420130418;0.7759;4888.440661621094;222.79761962890643
2013-01-04;5373.35302734375;5504.41064453125;5111.23828125;5242.29541015625;5242.29541015625;80;2.56;-123.62999999999998;5111.23828125;5504.41064453125;5373.35302734375;0.02564097420130418;-0.012499928978734642;0.7838;4855.676306152343;386.6191040039066
2013-01-07;5242.29541015625;5373.35302734375;4980.1806640625;5176.76708984375;5176.76708984375;7;-1.25;-124.87999999999998;4980.1806640625;5373.35302734375;5242.29541015625;-0.012499928978734642;-0.012658249339111749;0.7776;4813.082653808594;363.68443603515607
2013-01-08;5176.76708984375;5242.29541015625;4914.65234375;5111.23828125;5111.23828125;29;-1.27;-126.14999999999998;4914.65234375;5242.29541015625;5176.76708984375;-0.012658249339111749;0.0;0.7658;4780.318298339844;330.91998291015625
2013-01-09;5242.29541015625;5242.29541015625;5045.70947265625;5111.23828125;5111.23828125;15;0.0;-126.14999999999998;5045.70947265625;5242.29541015625;5242.29541015625;0.0;0.01282053486610768;0.7507;4760.659680175781;350.57860107421857
2013-01-10;5242.29541015625;5242.29541015625;4980.1806640625;5176.76708984375;5176.76708984375;5;1.28;-124.86999999999998;4980.1806640625;5242.29541015625;5242.29541015625;0.01282053486610768;0.0;0.7527;4744.277502441406;432.4895874023441
2013-01-11;5111.23828125;5176.76708984375;4980.1806640625;5176.76708984375;5176.76708984375;54;0.0;-124.86999999999998;4980.1806640625;5176.76708984375;5111.23828125;0.0;0.03797465369567821;0.6887;4750.830383300781;425.93670654296875
2013-01-14;5176.76708984375;5438.8818359375;5045.70947265625;5373.35302734375;5373.35302734375;425;3.8;-121.06999999999998;5045.70947265625;5438.8818359375;5176.76708984375;0.03797465369567821;0.0365853381491259;0.6995;4763.936120605469;609.4169067382809
2013-01-15;5176.76708984375;5832.0537109375;5045.70947265625;5569.93896484375;5569.93896484375;170;3.66;-117.40999999999998;5045.70947265625;5832.0537109375;5176.76708984375;0.0365853381491259;-0.02352936535453154;0.7063;4790.147595214844;779.7913696289061
2013-01-16;5635.4677734375;5635.4677734375;5307.82421875;5438.8818359375;5438.8818359375;76;-2.35;-119.75999999999998;5307.82421875;5635.4677734375;5635.4677734375;-0.02352936535453154;0.012048213322225054;0.7138;4809.806213378906;629.0756225585938
2013-01-17;5700.99658203125;5700.99658203125;5438.8818359375;5504.41064453125;5504.41064453125;314;1.2;-118.55999999999997;5438.8818359375;5700.99658203125;5700.99658203125;0.012048213322225054;0.011904693262230426;0.7048;4839.294128417969;665.1165161132812
2013-01-18;5504.41064453125;5569.93896484375;5438.8818359375;5569.93896484375;5569.93896484375;3;1.19;-117.36999999999998;5438.8818359375;5569.93896484375;5504.41064453125;0.011904693262230426;-0.01176463884543455;0.6495;4888.440637207032;681.4983276367184
2013-01-21;5635.4677734375;5635.4677734375;5373.35302734375;5504.41064453125;5504.41064453125;20;-1.18;-118.54999999999998;5373.35302734375;5635.4677734375;5635.4677734375;-0.01176463884543455;0.03571425720123411;0.6245;4944.140051269531;560.2705932617191
2013-01-22;5569.93896484375;5832.0537109375;5373.35302734375;5700.99658203125;5700.99658203125;249;3.57;-114.97999999999999;5373.35302734375;5832.0537109375;5569.93896484375;0.03571425720123411;0.05747127716585321;0.6282;5009.668762207031;691.3278198242188
2013-01-23;5569.93896484375;6225.22607421875;5373.35302734375;6028.64013671875;6028.64013671875;158;5.75;-109.22999999999999;5373.35302734375;6225.22607421875;5569.93896484375;0.05747127716585321;-0.03260875111518058;0.5822;5104.685388183594;923.9547485351559
2013-01-24;6159.697265625;6159.697265625;5700.99658203125;5832.0537109375;5832.0537109375;66;-3.26;-112.49;5700.99658203125;6159.697265625;6159.697265625;-0.03260875111518058;-0.022471865898707977;0.6078;5189.872692871094;642.1810180664061
2013-01-28;5766.525390625;5897.58251953125;5700.99658203125;5700.99658203125;5700.99658203125;19;-2.25;-114.74;5700.99658203125;5897.58251953125;5766.525390625;-0.022471865898707977;0.0;0.6131;5271.7835693359375;429.2130126953125
2013-01-29;5700.99658203125;5766.525390625;5635.4677734375;5700.99658203125;5700.99658203125;8;0.0;-114.74;5635.4677734375;5766.525390625;5700.99658203125;0.0;0.011494272562851071;0.6137;5347.141577148437;353.85500488281286
2013-01-30;5700.99658203125;5766.525390625;5569.93896484375;5766.525390625;5766.525390625;28;1.15;-113.58999999999999;5569.93896484375;5766.525390625;5700.99658203125;0.011494272562851071;0.011363570932859002;0.6111;5425.776025390625;340.74936523437464
2013-01-31;5700.99658203125;5832.0537109375;5504.41064453125;5832.0537109375;5832.0537109375;29;1.14;-112.44999999999999;5504.41064453125;5832.0537109375;5700.99658203125;0.011363570932859002;-0.011235891087492456;0.458;5481.475415039063;350.5782958984373
2013-02-01;5700.99658203125;5832.0537109375;5635.4677734375;5766.525390625;5766.525390625;20;-1.12;-113.57;5635.4677734375;5832.0537109375;5700.99658203125;-0.011235891087492456;0.011363570932859002;0.3756;5514.239770507813;252.28562011718714
2013-02-04;5700.99658203125;6094.16845703125;5504.41064453125;5832.0537109375;5832.0537109375;22;1.14;-112.42999999999999;5504.41064453125;6094.16845703125;5700.99658203125;0.011363570932859002;-0.011235891087492456;0.3692;5543.727685546875;288.32602539062464
2013-02-05;5832.0537109375;5832.0537109375;5635.4677734375;5766.525390625;5766.525390625;4;-1.12;-113.55;5635.4677734375;5832.0537109375;5832.0537109375;-0.011235891087492456;-0.034090966823947855;0.3684;5573.215600585938;193.30979003906214
2013-02-06;5700.99658203125;5700.99658203125;5504.41064453125;5569.93896484375;5569.93896484375;14;-3.41;-116.96;5504.41064453125;5700.99658203125;5700.99658203125;-0.034090966823947855;0.01176472650909699;0.3898;5596.150634765625;-26.211669921875
2013-02-07;5569.93896484375;5700.99658203125;5373.35302734375;5635.4677734375;5635.4677734375;10;1.18;-115.77999999999999;5373.35302734375;5700.99658203125;5569.93896484375;0.01176472650909699;0.18604648744809782;0.3902;5622.362109375;13.105664062500182
2013-02-08;6159.697265625;6814.984375;6159.697265625;6683.9267578125;6683.9267578125;953;18.6;-97.17999999999998;6159.697265625;6814.984375;6159.697265625;0.18604648744809782;0.10784318022728567;0.752;5697.7200927734375;986.2066650390625
2013-02-13;6749.45556640625;7404.74267578125;6749.45556640625;7404.74267578125;7404.74267578125;306;10.78;-86.39999999999998;6749.45556640625;7404.74267578125;6749.45556640625;0.10784318022728567;-0.026548718083644784;0.82;5809.118872070312;1595.6238037109379
2013-02-14;7339.2138671875;7339.2138671875;6880.51318359375;7208.15625;7208.15625;42;-2.65;-89.04999999999998;6880.51318359375;7339.2138671875;7339.2138671875;-0.026548718083644784;-0.0090908573621028;0.8323;5900.859033203125;1307.2972167968746
2013-02-15;7142.6279296875;7339.2138671875;6880.51318359375;7142.6279296875;7142.6279296875;90;-0.91;-89.95999999999998;6880.51318359375;7339.2138671875;7142.6279296875;-0.0090908573621028;-0.018348655211728793;0.8331;5979.493481445313;1163.1344482421873
2013-02-18;6946.04150390625;7077.09912109375;6552.86962890625;7011.5703125;7011.5703125;51;-1.83;-91.78999999999998;6552.86962890625;7077.09912109375;6946.04150390625;-0.018348655211728793;-0.018691551687445185;0.8303;6058.127905273437;953.4424072265629
2013-02-19;7011.5703125;7077.09912109375;6683.9267578125;6880.51318359375;6880.51318359375;53;-1.87;-93.65999999999998;6683.9267578125;7077.09912109375;7011.5703125;-0.018691551687445185;0.0;0.8383;6126.933032226562;753.5801513671877
2013-02-20;6683.9267578125;6880.51318359375;6683.9267578125;6880.51318359375;6880.51318359375;34;0.0;-93.65999999999998;6683.9267578125;6880.51318359375;6683.9267578125;0.0;-0.009523825744568004;0.8395;6192.461743164063;688.0514404296873
2013-02-21;6683.9267578125;6814.984375;6618.3984375;6814.984375;6814.984375;14;-0.95;-94.60999999999999;6618.3984375;6814.984375;6683.9267578125;-0.009523825744568004;0.009615401149580816;0.8387;6257.9904296875;556.9939453124998
2013-02-22;6814.984375;6880.51318359375;6683.9267578125;6880.51318359375;6880.51318359375;83;0.96;-93.64999999999999;6683.9267578125;6880.51318359375;6814.984375;0.009615401149580816;0.0;0.834;6316.966259765625;563.5469238281248
2013-02-25;6880.51318359375;7077.09912109375;6683.9267578125;6880.51318359375;6880.51318359375;76;0.0;-93.64999999999999;6683.9267578125;7077.09912109375;6880.51318359375;0.0;-0.009523825744568004;0.816;6359.559912109375;520.9532714843754
2013-02-26;6814.984375;6880.51318359375;6356.28369140625;6814.984375;6814.984375;34;-0.95;-94.6;6356.28369140625;6880.51318359375;6814.984375;-0.009523825744568004;-0.009615401149580816;0.8049;6408.7064453125;406.27792968749964
2013-02-27;6683.9267578125;6880.51318359375;6683.9267578125;6749.45556640625;6749.45556640625;3;-0.96;-95.55999999999999;6683.9267578125;6880.51318359375;6683.9267578125;-0.009615401149580816;-0.019417437097971946;0.7995;6461.12939453125;288.326171875
2013-02-28;6749.45556640625;6814.984375;6618.3984375;6618.3984375;6618.3984375;67;-1.94;-97.49999999999999;6618.3984375;6814.984375;6749.45556640625;-0.019417437097971946;0.00990093312321827;0.8055;6506.999487304687;111.39895019531286
2013-03-01;6487.3408203125;6749.45556640625;6421.81201171875;6683.9267578125;6683.9267578125;14;0.99;-96.50999999999999;6421.81201171875;6749.45556640625;6487.3408203125;0.00990093312321827;-0.03921568197727143;0.8055;6552.869555664062;131.05720214843768
2013-03-04;6421.81201171875;6618.3984375;6356.28369140625;6421.81201171875;6421.81201171875;22;-3.92;-100.42999999999999;6356.28369140625;6618.3984375;6421.81201171875;-0.03921568197727143;0.010204099477557182;0.8229;6582.357470703125;-160.54545898437482
2013-03-05;6552.86962890625;6552.86962890625;6225.22607421875;6487.3408203125;6487.3408203125;39;1.02;-99.41;6225.22607421875;6552.86962890625;6552.86962890625;0.010204099477557182;-0.030303007494915324;0.8205;6618.3982421875;-131.05742187499982
2013-03-06;6421.81201171875;6421.81201171875;6159.697265625;6290.7548828125;6290.7548828125;37;-3.03;-102.44;6159.697265625;6421.81201171875;6421.81201171875;-0.030303007494915324;-0.010416684454323089;0.8309;6641.33330078125;-350.5784179687498
2013-03-07;6356.28369140625;6356.28369140625;6094.16845703125;6225.22607421875;6225.22607421875;16;-1.04;-103.48;6094.16845703125;6356.28369140625;6356.28369140625;-0.010416684454323089;-0.021052667907156652;0.8306;6664.268334960938;-439.04226074218786
2013-03-08;6225.22607421875;6225.22607421875;5897.58251953125;6094.16845703125;6094.16845703125;32;-2.11;-105.59;5897.58251953125;6225.22607421875;6225.22607421875;-0.021052667907156652;-0.021505334128898324;0.8238;6690.479809570313;-596.3113525390627
2013-03-11;5897.58251953125;6094.16845703125;5766.525390625;5963.111328125;5963.111328125;47;-2.15;-107.74000000000001;5766.525390625;6094.16845703125;5897.58251953125;-0.021505334128898324;-0.010989029885235202;0.829;6706.861987304687;-743.7506591796873
2013-03-12;5766.525390625;5897.58251953125;5700.99658203125;5897.58251953125;5897.58251953125;10;-1.1;-108.84;5700.99658203125;5897.58251953125;5766.525390625;-0.010989029885235202;-0.05555556935446515;0.4743;6667.544775390625;-769.9622558593746
2013-03-13;5897.58251953125;5897.58251953125;5307.82421875;5569.93896484375;5569.93896484375;89;-5.56;-114.4;5307.82421875;5897.58251953125;5897.58251953125;-0.05555556935446515;-0.09411763674545148;0.262;6575.80458984375;-1005.8656250000004
2013-03-14;5438.8818359375;5569.93896484375;5045.70947265625;5045.70947265625;5045.70947265625;148;-9.41;-123.81;5045.70947265625;5569.93896484375;5438.8818359375;-0.09411763674545148;-0.038961010055243994;0.3855;6467.6822509765625;-1421.9727783203125
2013-03-15;5045.70947265625;5176.76708984375;4783.5947265625;4849.12353515625;4849.12353515625;36;-3.9;-127.71000000000001;4783.5947265625;5176.76708984375;5045.70947265625;-0.038961010055243994;-0.02702707329217935;0.3916;6353.00703125;-1503.8834960937502
2013-03-18;4849.12353515625;5176.76708984375;4718.06591796875;4718.06591796875;4718.06591796875;63;-2.7;-130.41;4718.06591796875;5176.76708984375;4849.12353515625;-0.02702707329217935;0.01388891332445863;0.3926;6238.331811523438;-1520.2658935546879
2013-03-19;4849.12353515625;5176.76708984375;4652.53759765625;4783.5947265625;4783.5947265625;13;1.39;-129.02;4652.53759765625;5176.76708984375;4849.12353515625;0.01388891332445863;-0.013698653907673108;0.4099;6133.485888671875;-1349.8911621093748
2013-03-20;4914.65234375;4914.65234375;4652.53759765625;4718.06591796875;4718.06591796875;19;-1.37;-130.39000000000001;4652.53759765625;4914.65234375;4914.65234375;-0.013698653907673108;-0.013888809832634075;0.405;6025.363525390625;-1307.297607421875
2013-03-21;4718.06591796875;4718.06591796875;4587.0087890625;4652.53759765625;4652.53759765625;4;-1.39;-131.78;4587.0087890625;4718.06591796875;4718.06591796875;-0.013888809832634075;0.0;0.404;5917.241186523437;-1264.7035888671871
2013-03-22;4652.53759765625;4783.5947265625;4455.951171875;4652.53759765625;4652.53759765625;86;0.0;-131.78;4455.951171875;4783.5947265625;4652.53759765625;0.0;0.0;0.3965;5805.8424072265625;-1153.3048095703125
2013-03-25;4587.0087890625;4783.5947265625;4587.0087890625;4652.53759765625;4652.53759765625;34;0.0;-131.78;4587.0087890625;4783.5947265625;4587.0087890625;0.0;0.0;0.3965;5694.443627929688;-1041.9060302734379
2013-03-26;4587.0087890625;4652.53759765625;4521.47998046875;4652.53759765625;4652.53759765625;34;0.0;-131.78;4521.47998046875;4652.53759765625;4587.0087890625;0.0;0.08450697425810438;0.4009;5586.3212890625;-933.78369140625
2013-03-27;4652.53759765625;5111.23828125;4587.0087890625;5045.70947265625;5045.70947265625;133;8.45;-123.33;4587.0087890625;5111.23828125;4652.53759765625;0.08450697425810438;0.0;0.5429;5501.133984375;-455.4245117187502
2013-03-28;5045.70947265625;5045.70947265625;5045.70947265625;5045.70947265625;5045.70947265625;40;0.0;-123.33;5045.70947265625;5045.70947265625;5045.70947265625;0.0;0.0;0.5447;5422.499536132813;-376.79006347656286
2013-04-01;4980.1806640625;5045.70947265625;4980.1806640625;5045.70947265625;5045.70947265625;22;0.0;-123.33;4980.1806640625;5045.70947265625;4980.1806640625;0.0;-0.012987035608939435;0.5403;5340.588671875;-294.8791992187498
2013-04-02;4980.1806640625;5111.23828125;4718.06591796875;4980.1806640625;4980.1806640625;39;-1.3;-124.63;4718.06591796875;5111.23828125;4980.1806640625;-0.012987035608939435;-0.0131578199131126;0.5316;5268.507104492188;-288.32644042968786
2013-04-03;4980.1806640625;4980.1806640625;4849.12353515625;4914.65234375;4914.65234375;1;-1.32;-125.94999999999999;4849.12353515625;4980.1806640625;4980.1806640625;-0.0131578199131126;-0.0666666799136193;0.525;5189.8726806640625;-275.2203369140625
2013-04-04;4914.65234375;5045.70947265625;4455.951171875;4587.0087890625;4587.0087890625;75;-6.67;-132.61999999999998;4455.951171875;5045.70947265625;4914.65234375;-0.0666666799136193;-0.04285721585055624;0.5557;5104.685375976563;-517.6765869140627
2013-04-05;4521.47998046875;4587.0087890625;4324.89404296875;4390.42236328125;4390.42236328125;83;-4.29;-136.90999999999997;4324.89404296875;4587.0087890625;4521.47998046875;-0.04285721585055624;0.0;0.5639;5012.9451904296875;-622.5228271484375
2013-04-08;4521.47998046875;4521.47998046875;4390.42236328125;4390.42236328125;4390.42236328125;0;0.0;-136.90999999999997;4390.42236328125;4521.47998046875;4521.47998046875;0.0;0.04477619907947261;0.5667;4927.757885742188;-537.3355224609377
2013-04-09;4455.951171875;4652.53759765625;4455.951171875;4587.0087890625;4587.0087890625;26;4.48;-132.42999999999998;4455.951171875;4652.53759765625;4455.951171875;0.04477619907947261;-0.08571432525238465;0.6052;4858.9527587890625;-271.9439697265625
2013-04-10;4587.0087890625;4587.0087890625;4193.83642578125;4193.83642578125;4193.83642578125;135;-8.57;-140.99999999999997;4193.83642578125;4587.0087890625;4587.0087890625;-0.08571432525238465;0.015625027287883064;0.6587;4773.765454101563;-579.9290283203127
2013-04-11;4193.83642578125;4259.365234375;4193.83642578125;4259.365234375;4259.365234375;5;1.56;-139.43999999999997;4193.83642578125;4259.365234375;4193.83642578125;0.015625027287883064;-0.0307692836786585;0.6505;4708.236767578125;-448.8715332031252
2013-04-12;4193.83642578125;4259.365234375;3866.193115234375;4128.3076171875;4128.3076171875;46;-3.08;-142.51999999999998;3866.193115234375;4259.365234375;4193.83642578125;-0.0307692836786585;-0.03174596979174138;0.5802;4662.366674804687;-534.0590576171871
2013-04-15;4062.779052734375;4128.3076171875;3866.193115234375;3997.25048828125;3997.25048828125;120;-3.17;-145.68999999999997;3866.193115234375;4128.3076171875;4062.779052734375;-0.03174596979174138;0.0;0.5759;4619.773022460938;-622.5225341796877
2013-04-16;3866.193115234375;4062.779052734375;3866.193115234375;3997.25048828125;3997.25048828125;18;0.0;-145.68999999999997;3866.193115234375;4062.779052734375;3866.193115234375;0.0;-0.032786880239578764;0.5726;4583.732250976563;-586.4817626953127
2013-04-17;3866.193115234375;3997.25048828125;3866.193115234375;3866.193115234375;3866.193115234375;9;-3.28;-148.96999999999997;3866.193115234375;3997.25048828125;3866.193115234375;-0.032786880239578764;0.01694911829285406;0.5733;4537.862170410156;-671.6690551757811
2013-04-18;3866.193115234375;3931.7216796875;3800.664306640625;3931.7216796875;3931.7216796875;12;1.69;-147.27999999999997;3800.664306640625;3931.7216796875;3866.193115234375;0.01694911829285406;0.0;0.581;4498.544958496093;-566.8232788085934
2013-04-19;3931.7216796875;3931.7216796875;3866.193115234375;3931.7216796875;3931.7216796875;13;0.0;-147.27999999999997;3866.193115234375;3931.7216796875;3931.7216796875;0.0;0.0;0.5813;4462.504162597656;-530.7824829101564
2013-04-22;3931.7216796875;3931.7216796875;3866.193115234375;3931.7216796875;3931.7216796875;4;0.0;-147.27999999999997;3866.193115234375;3931.7216796875;3931.7216796875;0.0;-0.04999996274294394;0.5813;4426.463366699219;-494.74168701171857
2013-04-23;3931.7216796875;3931.7216796875;3735.1357421875;3735.1357421875;3735.1357421875;11;-5.0;-152.27999999999997;3735.1357421875;3931.7216796875;3931.7216796875;-0.04999996274294394;0.017543824100686667;0.5993;4380.593273925781;-645.4575317382814
2013-04-24;3669.60693359375;3931.7216796875;3604.078125;3800.664306640625;3800.664306640625;100;1.75;-150.52999999999997;3604.078125;3931.7216796875;3669.60693359375;0.017543824100686667;0.01724140921345141;0.6065;4337.999609375;-537.3353027343746
2013-04-25;3800.664306640625;3866.193115234375;3669.60693359375;3866.193115234375;3866.193115234375;2;1.72;-148.80999999999997;3669.60693359375;3866.193115234375;3800.664306640625;0.01724140921345141;0.0;0.5073;4279.023791503906;-412.83067626953107
2013-04-26;3866.193115234375;3866.193115234375;3866.193115234375;3866.193115234375;3866.193115234375;0;0.0;-148.80999999999997;3866.193115234375;3866.193115234375;3866.193115234375;0.0;0.0847457177593709;0.5073;4220.0479736328125;-353.8548583984375
2013-04-29;4193.83642578125;4324.89404296875;3997.25048828125;4193.83642578125;4193.83642578125;21;8.47;-140.33999999999997;3997.25048828125;4324.89404296875;4193.83642578125;0.0847457177593709;0.015625027287883064;0.6135;4177.454321289062;16.382104492187864
2013-04-30;4193.83642578125;4259.365234375;3997.25048828125;4259.365234375;4259.365234375;78;1.56;-138.77999999999997;3997.25048828125;4259.365234375;4193.83642578125;0.015625027287883064;-0.0307692836786585;0.6191;4141.413549804687;117.95168457031286
2013-05-02;4062.779052734375;4128.3076171875;3997.25048828125;4128.3076171875;4128.3076171875;4;-3.08;-141.85999999999999;3997.25048828125;4128.3076171875;4062.779052734375;-0.0307692836786585;0.047619132102170836;0.6246;4102.0963134765625;26.2113037109375
2013-05-03;4193.83642578125;4587.0087890625;4193.83642578125;4324.89404296875;4324.89404296875;1020;4.76;-137.1;4193.83642578125;4587.0087890625;4193.83642578125;0.047619132102170836;0.06060605034240929;0.6137;4088.990576171875;235.9034667968749
2013-05-06;4193.83642578125;4587.0087890625;4193.83642578125;4587.0087890625;4587.0087890625;36;6.06;-131.04;4193.83642578125;4587.0087890625;4193.83642578125;0.06060605034240929;0.057142848018680414;0.6324;4098.819897460938;488.1888916015623
2013-05-07;4521.47998046875;4914.65234375;4455.951171875;4849.12353515625;4849.12353515625;45;5.71;-125.33;4455.951171875;4914.65234375;4521.47998046875;0.057142848018680414;0.0;0.6608;4121.754956054688;727.3685791015623
2013-05-08;4914.65234375;4980.1806640625;4587.0087890625;4849.12353515625;4849.12353515625;41;0.0;-125.33;4587.0087890625;4980.1806640625;4914.65234375;0.0;-0.08108111918179484;0.6447;4134.860693359375;714.2628417968754
2013-05-09;4980.1806640625;5045.70947265625;4390.42236328125;4455.951171875;4455.951171875;19;-8.11;-133.44;4390.42236328125;5045.70947265625;4980.1806640625;-0.08108111918179484;0.029411816272742586;0.6363;4147.9664306640625;307.9847412109375
2013-05-10;4521.47998046875;4587.0087890625;4259.365234375;4587.0087890625;4587.0087890625;38;2.94;-130.5;4259.365234375;4587.0087890625;4521.47998046875;0.029411816272742586;-0.028571477233704123;0.6416;4164.348608398437;422.66018066406286
2013-05-13;4455.951171875;4587.0087890625;4390.42236328125;4455.951171875;4455.951171875;9;-2.86;-133.36;4390.42236328125;4587.0087890625;4455.951171875;-0.028571477233704123;0.014705908136371404;0.64;4180.730786132813;275.2203857421873
2013-05-14;4587.0087890625;4783.5947265625;4390.42236328125;4521.47998046875;4521.47998046875;71;1.47;-131.89000000000001;4390.42236328125;4783.5947265625;4587.0087890625;0.014705908136371404;0.0;0.6261;4206.9422607421875;314.5377197265625
2013-05-15;4455.951171875;4587.0087890625;4390.42236328125;4521.47998046875;4521.47998046875;12;0.0;-131.89000000000001;4390.42236328125;4587.0087890625;4455.951171875;0.0;0.0;0.6261;4233.153735351562;288.3262451171877
2013-05-16;4455.951171875;4521.47998046875;4390.42236328125;4521.47998046875;4521.47998046875;4;0.0;-131.89000000000001;4390.42236328125;4521.47998046875;4455.951171875;0.0;0.014492778664687789;0.6092;4265.918078613281;255.56190185546893
2013-05-17;4521.47998046875;4587.0087890625;4521.47998046875;4587.0087890625;4587.0087890625;2;1.45;-130.44000000000003;4521.47998046875;4587.0087890625;4521.47998046875;0.014492778664687789;-0.028571477233704123;0.6088;4298.682434082031;288.32635498046875
2013-05-20;4521.47998046875;4587.0087890625;4390.42236328125;4455.951171875;4455.951171875;109;-2.86;-133.30000000000004;4390.42236328125;4587.0087890625;4521.47998046875;-0.028571477233704123;0.0;0.6223;4324.893908691406;131.05726318359393
2013-05-21;4455.951171875;4455.951171875;4455.951171875;4455.951171875;4455.951171875;1;0.0;-133.30000000000004;4455.951171875;4455.951171875;4455.951171875;0.0;0.029411816272742586;0.6223;4351.105383300781;104.84578857421911
2013-05-22;4455.951171875;4587.0087890625;4455.951171875;4587.0087890625;4587.0087890625;91;2.94;-130.36000000000004;4455.951171875;4587.0087890625;4455.951171875;0.029411816272742586;-0.028571477233704123;0.5888;4393.699035644531;193.30975341796875
2013-05-23;4455.951171875;4587.0087890625;4390.42236328125;4455.951171875;4455.951171875;11;-2.86;-133.22000000000006;4390.42236328125;4587.0087890625;4455.951171875;-0.028571477233704123;-0.029411706693164508;0.6045;4426.46337890625;29.48779296875
2013-05-24;4390.42236328125;4455.951171875;4324.89404296875;4324.89404296875;4324.89404296875;10;-2.94;-136.16000000000005;4324.89404296875;4455.951171875;4390.42236328125;-0.029411706693164508;-0.03030308162128703;0.6183;4449.398425292969;-124.50438232421857
2013-05-27;4259.365234375;4390.42236328125;4062.779052734375;4193.83642578125;4193.83642578125;53;-3.03;-139.19000000000005;4062.779052734375;4390.42236328125;4259.365234375;-0.03030308162128703;-0.04687496543534808;0.6316;4465.780590820313;-271.9441650390627
2013-05-28;4128.3076171875;4128.3076171875;3931.7216796875;3997.25048828125;3997.25048828125;50;-4.69;-143.88000000000005;3931.7216796875;4128.3076171875;4128.3076171875;-0.04687496543534808;0.0;0.5815;4455.9512939453125;-458.7008056640625
2013-05-29;4062.779052734375;4062.779052734375;3931.7216796875;3997.25048828125;3997.25048828125;57;0.0;-143.88000000000005;3931.7216796875;4062.779052734375;4062.779052734375;0.0;-0.11475411137709524;0.5779;4442.845556640625;-445.59506835937464
2013-05-31;3931.7216796875;4062.779052734375;3276.434814453125;3538.549560546875;3538.549560546875;318;-11.48;-155.36000000000004;3276.434814453125;4062.779052734375;3931.7216796875;-0.11475411137709524;-0.05555558238676839;0.697;4413.357653808594;-874.8080932617186
2013-06-03;3735.1357421875;3735.1357421875;3210.906005859375;3341.96337890625;3341.96337890625;355;-5.56;-160.92000000000004;3210.906005859375;3735.1357421875;3735.1357421875;-0.05555558238676839;-0.019607804462109635;0.6864;4364.211120605469;-1022.2477416992188
2013-06-04;3538.549560546875;3538.549560546875;3210.906005859375;3276.434814453125;3276.434814453125;40;-1.96;-162.88000000000005;3210.906005859375;3538.549560546875;3538.549560546875;-0.019607804462109635;0.0;0.6308;4298.682421875;-1022.2476074218748
2013-06-05;3276.434814453125;3407.4921875;3210.906005859375;3276.434814453125;3276.434814453125;44;0.0;-162.88000000000005;3210.906005859375;3407.4921875;3276.434814453125;0.0;0.0;0.573;4220.047985839844;-943.6131713867189
2013-06-06;3276.434814453125;3407.4921875;3210.906005859375;3276.434814453125;3276.434814453125;91;0.0;-162.88000000000005;3210.906005859375;3407.4921875;3276.434814453125;0.0;-0.060000028315361886;0.573;4141.413549804687;-864.9787353515621
2013-06-07;3210.906005859375;3276.434814453125;3079.8486328125;3079.8486328125;3079.8486328125;29;-6.0;-168.88000000000005;3079.8486328125;3276.434814453125;3210.906005859375;-0.060000028315361886;-0.021276553579610447;0.5469;4072.6084228515624;-992.7597900390624
2013-06-10;3014.320068359375;3210.906005859375;2948.791259765625;3014.320068359375;3014.320068359375;32;-2.13;-171.01000000000005;2948.791259765625;3210.906005859375;3014.320068359375;-0.021276553579610447;-0.021739167410120386;0.5178;3993.973986816406;-979.6539184570311
2013-06-11;2948.791259765625;3014.320068359375;2817.73388671875;2948.791259765625;2948.791259765625;24;-2.17;-173.18000000000004;2817.73388671875;3014.320068359375;2948.791259765625;-0.021739167410120386;-0.06666661699059195;0.5169;3918.6159912109374;-969.8247314453124
2013-06-12;2948.791259765625;3014.320068359375;2621.147705078125;2752.205322265625;2752.205322265625;60;-6.67;-179.85000000000002;2621.147705078125;3014.320068359375;2948.791259765625;-0.06666661699059195;-0.09523816704874366;0.5253;3830.1522583007813;-1077.9469360351563
2013-06-13;2686.676513671875;2883.2626953125;2424.561767578125;2490.09033203125;2490.09033203125;401;-9.52;-189.37000000000003;2424.561767578125;2883.2626953125;2686.676513671875;-0.09523816704874366;0.0;0.5742;3728.5827758789064;-1238.4924438476564
2013-06-14;2424.561767578125;2621.147705078125;2359.032958984375;2490.09033203125;2490.09033203125;35;0.0;-189.37000000000003;2359.032958984375;2621.147705078125;2424.561767578125;0.0;-0.05263157378711125;0.5742;3627.013293457031;-1136.922961425781
2013-06-17;2424.561767578125;2621.147705078125;2293.50439453125;2359.032958984375;2359.032958984375;77;-5.26;-194.63000000000002;2293.50439453125;2621.147705078125;2424.561767578125;-0.05263157378711125;-0.08333327296310233;0.5563;3515.614501953125;-1156.58154296875
2013-06-18;2293.50439453125;2359.032958984375;2096.918212890625;2162.447021484375;2162.447021484375;201;-8.33;-202.96000000000004;2096.918212890625;2359.032958984375;2293.50439453125;-0.08333327296310233;-0.03030308162128703;0.5849;3400.9392944335937;-1238.4922729492187
2013-06-19;2162.447021484375;2227.9755859375;2031.3895263671875;2096.918212890625;2096.918212890625;49;-3.03;-205.99000000000004;2031.3895263671875;2227.9755859375;2162.447021484375;-0.03030308162128703;-0.062499992723231146;0.5707;3282.987646484375;-1186.06943359375
2013-06-20;2162.447021484375;2162.447021484375;1834.803466796875;1965.86083984375;1965.86083984375;147;-6.25;-212.24000000000004;1834.803466796875;2162.447021484375;2162.447021484375;-0.062499992723231146;0.0;0.5214;3151.9302490234377;-1186.0694091796877
2013-06-21;1965.86083984375;2031.3895263671875;1703.74609375;1965.86083984375;1965.86083984375;285;0.0;-212.24000000000004;1703.74609375;2031.3895263671875;1965.86083984375;0.0;-0.03333332919366039;0.5399;3027.425732421875;-1061.5648925781252
2013-06-24;1769.2747802734375;1900.3321533203125;1769.2747802734375;1900.3321533203125;1900.3321533203125;41;-3.33;-215.57000000000005;1769.2747802734375;1900.3321533203125;1769.2747802734375;-0.03333332919366039;-0.10344826257179929;0.5391;2906.197637939453;-1005.8654846191407
2013-06-25;1834.803466796875;1900.3321533203125;1703.74609375;1703.74609375;1703.74609375;87;-10.34;-225.91000000000005;1703.74609375;1900.3321533203125;1834.803466796875;-0.10344826257179929;0.15384613180055906;0.5829;2781.6931213378907;-1077.9470275878907
2013-06-26;1834.803466796875;1965.86083984375;1703.74609375;1965.86083984375;1965.86083984375;44;15.38;-210.53000000000006;1703.74609375;1965.86083984375;1834.803466796875;0.15384613180055906;-0.03333332919366039;0.9104;2680.123638916016;-714.2627990722658
2013-06-27;2031.3895263671875;2162.447021484375;1900.3321533203125;1900.3321533203125;1900.3321533203125;366;-3.33;-213.86000000000007;1900.3321533203125;2162.447021484375;2031.3895263671875;-0.03333332919366039;-0.06896550838119953;0.9018;2575.277722167969;-674.9455688476564
2013-06-28;1900.3321533203125;1965.86083984375;1769.2747802734375;1769.2747802734375;1769.2747802734375;229;-6.9;-220.76000000000008;1769.2747802734375;1965.86083984375;1900.3321533203125;-0.06896550838119953;0.0;0.8619;2486.8139831542967;-717.5392028808592
2013-07-01;1900.3321533203125;1965.86083984375;1638.2174072265625;1769.2747802734375;1769.2747802734375;69;0.0;-220.76000000000008;1638.2174072265625;1965.86083984375;1900.3321533203125;0.0;-0.07407406385265969;0.8649;2408.179553222656;-638.9047729492186
2013-07-02;1703.74609375;1769.2747802734375;1507.1600341796875;1638.2174072265625;1638.2174072265625;147;-7.41;-228.17000000000007;1507.1600341796875;1769.2747802734375;1703.74609375;-0.07407406385265969;0.07999998807774245;0.8778;2326.268682861328;-688.0512756347657
2013-07-03;1638.2174072265625;1834.803466796875;1507.1600341796875;1769.2747802734375;1769.2747802734375;60;8.0;-220.17000000000007;1507.1600341796875;1834.803466796875;1638.2174072265625;0.07999998807774245;0.0;0.9594;2250.910681152344;-481.63590087890634
2013-07-04;1834.803466796875;1965.86083984375;1703.74609375;1769.2747802734375;1769.2747802734375;79;0.0;-220.17000000000007;1703.74609375;1965.86083984375;1834.803466796875;0.0;0.0;0.9594;2175.5526794433595;-406.27789916992197
2013-07-05;1769.2747802734375;1834.803466796875;1703.74609375;1769.2747802734375;1769.2747802734375;20;0.0;-220.17000000000007;1703.74609375;1834.803466796875;1769.2747802734375;0.0;0.03703703192632979;0.957;2110.0239868164062;-340.74920654296875
2013-07-08;1769.2747802734375;1834.803466796875;1769.2747802734375;1834.803466796875;1834.803466796875;1;3.7;-216.47000000000008;1769.2747802734375;1834.803466796875;1769.2747802734375;0.03703703192632979;-0.03571428096211027;0.9826;2051.0481567382812;-216.24468994140625
2013-07-10;1834.803466796875;1900.3321533203125;1769.2747802734375;1769.2747802734375;1769.2747802734375;59;-3.57;-220.04000000000008;1769.2747802734375;1900.3321533203125;1834.803466796875;-0.03571428096211027;0.0;0.9837;1992.072332763672;-222.79755249023447
2013-07-11;1834.803466796875;1834.803466796875;1769.2747802734375;1769.2747802734375;1769.2747802734375;35;0.0;-220.04000000000008;1769.2747802734375;1834.803466796875;1834.803466796875;0.0;-0.03703703192632979;0.9732;1942.9258056640624;-173.6510253906249
2013-07-12;1834.803466796875;1900.3321533203125;1703.74609375;1703.74609375;1703.74609375;41;-3.7;-223.74000000000007;1703.74609375;1900.3321533203125;1834.803466796875;-0.03703703192632979;0.0;0.9348;1903.60859375;-199.86249999999995
2013-07-15;1900.3321533203125;1900.3321533203125;1703.74609375;1703.74609375;1703.74609375;63;0.0;-223.74000000000007;1703.74609375;1900.3321533203125;1900.3321533203125;0.0;0.11538459885041918;0.9348;1864.2913818359375;-160.5452880859375
2013-07-16;1769.2747802734375;1900.3321533203125;1769.2747802734375;1900.3321533203125;1900.3321533203125;19;11.54;-212.20000000000007;1769.2747802734375;1900.3321533203125;1769.2747802734375;0.11538459885041918;-0.06896550838119953;1.0352;1841.3563415527344;58.97581176757808
2013-07-17;1834.803466796875;1900.3321533203125;1703.74609375;1769.2747802734375;1769.2747802734375;62;-6.9;-219.10000000000008;1703.74609375;1900.3321533203125;1834.803466796875;-0.06896550838119953;0.03703703192632979;1.0226;1821.6977294921876;-52.42294921875009
2013-07-18;1769.2747802734375;1900.3321533203125;1769.2747802734375;1834.803466796875;1834.803466796875;33;3.7;-215.4000000000001;1769.2747802734375;1900.3321533203125;1769.2747802734375;0.03703703192632979;0.0;1.0311;1808.5919921875;26.211474609375045
2013-07-19;1834.803466796875;1900.3321533203125;1769.2747802734375;1834.803466796875;1834.803466796875;30;0.0;-215.4000000000001;1769.2747802734375;1900.3321533203125;1834.803466796875;0.0;0.07142856192422053;1.0083;1802.0391235351562;32.76434326171875
2013-07-22;1769.2747802734375;2096.918212890625;1769.2747802734375;1965.86083984375;1965.86083984375;349;7.14;-208.2600000000001;1769.2747802734375;2096.918212890625;1769.2747802734375;0.07142856192422053;0.0;1.0411;1802.0391235351562;163.82171630859375
2013-07-23;2031.3895263671875;2162.447021484375;1965.86083984375;1965.86083984375;1965.86083984375;342;0.0;-208.2600000000001;1965.86083984375;2162.447021484375;2031.3895263671875;0.0;-0.03333332919366039;1.0328;1805.3155578613282;160.54528198242178
2013-07-24;1900.3321533203125;1965.86083984375;1834.803466796875;1900.3321533203125;1900.3321533203125;94;-3.33;-211.59000000000012;1834.803466796875;1965.86083984375;1900.3321533203125;-0.03333332919366039;0.06896550838119953;0.964;1815.1448608398437;85.18729248046884
2013-07-25;1900.3321533203125;2293.50439453125;1834.803466796875;2031.3895263671875;2031.3895263671875;397;6.9;-204.6900000000001;1834.803466796875;2293.50439453125;1900.3321533203125;0.06896550838119953;0.0;0.8306;1818.4212951660156;212.96823120117188
2013-07-26;2031.3895263671875;2031.3895263671875;2031.3895263671875;2031.3895263671875;2031.3895263671875;0;0.0;-204.6900000000001;2031.3895263671875;2031.3895263671875;2031.3895263671875;0.0;0.1612903031961206;0.8196;1824.9741638183593;206.41536254882817
2013-07-29;2162.447021484375;2555.619140625;2096.918212890625;2359.032958984375;2359.032958984375;1829;16.13;-188.56000000000012;2096.918212890625;2555.619140625;2162.447021484375;0.1612903031961206;-0.16666664941802922;0.9437;1854.4620727539063;504.57088623046866
2013-07-30;2424.561767578125;2490.09033203125;1900.3321533203125;1965.86083984375;1965.86083984375;1393;-16.67;-205.23000000000013;1900.3321533203125;2490.09033203125;2424.561767578125;-0.16666664941802922;0.03333332919366039;1.1453;1864.2913757324218;101.56946411132822
2013-07-31;2031.3895263671875;2162.447021484375;1900.3321533203125;2031.3895263671875;2031.3895263671875;407;3.33;-201.90000000000012;1900.3321533203125;2162.447021484375;2031.3895263671875;0.03333332919366039;-0.0967741819176724;1.1063;1883.9499816894531;147.43954467773438
2013-08-01;2031.3895263671875;2031.3895263671875;1834.803466796875;1834.803466796875;1834.803466796875;442;-9.68;-211.58000000000013;1834.803466796875;2031.3895263671875;2031.3895263671875;-0.0967741819176724;0.0;1.142;1887.226416015625;-52.42294921875009
2013-08-02;1900.3321533203125;1965.86083984375;1834.803466796875;1834.803466796875;1834.803466796875;121;0.0;-211.58000000000013;1834.803466796875;1965.86083984375;1900.3321533203125;0.0;-0.07142856192422042;1.142;1890.5028503417968;-55.69938354492183
2013-08-05;1900.3321533203125;1900.3321533203125;1703.74609375;1703.74609375;1703.74609375;328;-7.14;-218.7200000000001;1703.74609375;1900.3321533203125;1900.3321533203125;-0.07142856192422042;-0.07692306590027953;1.1733;1887.226416015625;-183.4803222656251
2013-08-06;1769.2747802734375;1834.803466796875;1507.1600341796875;1572.688720703125;1572.688720703125;685;-7.69;-226.4100000000001;1507.1600341796875;1834.803466796875;1769.2747802734375;-0.07692306590027953;-0.1666667184125763;1.196;1874.1206787109375;-301.43195800781245
2013-08-07;1507.1600341796875;1572.688720703125;1245.045166015625;1310.5738525390625;1310.5738525390625;514;-16.67;-243.0800000000001;1245.045166015625;1572.688720703125;1507.1600341796875;-0.1666667184125763;-0.04999999534286781;1.3241;1851.1856323242187;-540.6117797851562
2013-08-08;1310.5738525390625;1376.1026611328125;1179.5164794921875;1245.045166015625;1245.045166015625;644;-5.0;-248.0800000000001;1179.5164794921875;1376.1026611328125;1310.5738525390625;-0.04999999534286781;0.0;1.3302;1824.9741516113281;-579.9289855957031
2013-08-09;1245.045166015625;1310.5738525390625;1179.5164794921875;1245.045166015625;1245.045166015625;297;0.0;-248.0800000000001;1179.5164794921875;1310.5738525390625;1245.045166015625;0.0;0.0;1.3282;1802.0391052246093;-556.9939392089843
2013-08-12;1245.045166015625;1310.5738525390625;1179.5164794921875;1245.045166015625;1245.045166015625;397;0.0;-248.0800000000001;1179.5164794921875;1310.5738525390625;1245.045166015625;0.0;0.0;1.3282;1779.1040588378905;-534.0588928222655
2013-08-13;1245.045166015625;1310.5738525390625;1179.5164794921875;1245.045166015625;1245.045166015625;120;0.0;-248.0800000000001;1179.5164794921875;1310.5738525390625;1245.045166015625;0.0;0.0;1.2416;1746.3397094726563;-501.2945434570313
2013-08-14;1245.045166015625;1310.5738525390625;1179.5164794921875;1245.045166015625;1245.045166015625;235;0.0;-248.0800000000001;1179.5164794921875;1310.5738525390625;1245.045166015625;0.0;0.0;1.2281;1720.1282287597655;-475.08306274414053
2013-08-15;1310.5738525390625;1310.5738525390625;1245.045166015625;1245.045166015625;1245.045166015625;211;0.0;-248.0800000000001;1245.045166015625;1310.5738525390625;1310.5738525390625;0.0;0.10526324561910938;1.2144;1690.640313720703;-445.59514770507803
2013-08-16;1245.045166015625;1441.63134765625;1245.045166015625;1376.1026611328125;1376.1026611328125;726;10.53;-237.5500000000001;1245.045166015625;1441.63134765625;1245.045166015625;0.10526324561910938;-0.09523816704874366;1.2884;1667.7052734375;-291.60261230468745
2013-08-19;1376.1026611328125;1441.63134765625;1179.5164794921875;1245.045166015625;1245.045166015625;1440;-9.52;-247.0700000000001;1179.5164794921875;1441.63134765625;1376.1026611328125;-0.09523816704874366;0.0;1.2827;1631.6644897460938;-386.61932373046875
2013-08-20;1245.045166015625;1245.045166015625;1179.5164794921875;1245.045166015625;1245.045166015625;187;0.0;-247.0700000000001;1179.5164794921875;1245.045166015625;1245.045166015625;0.0;0.0;1.2827;1595.6237060546875;-350.57854003906255
2013-08-21;1245.045166015625;1310.5738525390625;1179.5164794921875;1245.045166015625;1245.045166015625;622;0.0;-247.0700000000001;1179.5164794921875;1310.5738525390625;1245.045166015625;0.0;-0.05263157378711125;1.2833;1562.859356689453;-317.8141906738281
2013-08-22;1179.5164794921875;1245.045166015625;1113.98779296875;1179.5164794921875;1179.5164794921875;254;-5.26;-252.3300000000001;1113.98779296875;1245.045166015625;1179.5164794921875;-0.05263157378711125;0.0;1.2464;1520.2657043457032;-340.74922485351567
2013-08-23;1179.5164794921875;1179.5164794921875;1048.4591064453125;1179.5164794921875;1179.5164794921875;491;0.0;-252.3300000000001;1048.4591064453125;1179.5164794921875;1179.5164794921875;0.0;-0.05555554980600974;1.2464;1477.672052001953;-298.15557250976553
2013-08-26;1179.5164794921875;1179.5164794921875;1048.4591064453125;1113.98779296875;1113.98779296875;410;-5.56;-257.8900000000001;1048.4591064453125;1179.5164794921875;1179.5164794921875;-0.05555554980600974;0.0;1.0399;1415.4197937011718;-301.4320007324218
2013-08-27;1113.98779296875;1179.5164794921875;1048.4591064453125;1113.98779296875;1113.98779296875;401;0.0;-257.8900000000001;1048.4591064453125;1179.5164794921875;1113.98779296875;0.0;-0.058823522965907205;0.9207;1372.8261413574219;-258.8383483886719
2013-08-28;1048.4591064453125;1113.98779296875;982.930419921875;1048.4591064453125;1048.4591064453125;175;-5.88;-263.7700000000001;982.930419921875;1113.98779296875;1048.4591064453125;-0.058823522965907205;0.06249999272323126;0.8994;1323.679620361328;-275.22051391601553
2013-08-29;1048.4591064453125;1113.98779296875;982.930419921875;1113.98779296875;1113.98779296875;44;6.25;-257.5200000000001;982.930419921875;1113.98779296875;1048.4591064453125;0.06249999272323126;0.0;0.9221;1287.6388366699218;-173.65104370117183
2013-08-30;1048.4591064453125;1113.98779296875;982.930419921875;1113.98779296875;1113.98779296875;41;0.0;-257.5200000000001;982.930419921875;1113.98779296875;1048.4591064453125;0.0;-0.058823522965907205;0.9221;1251.5980529785156;-137.61026000976562
2013-09-02;1048.4591064453125;1113.98779296875;1048.4591064453125;1048.4591064453125;1048.4591064453125;22;-5.88;-263.4000000000001;1048.4591064453125;1113.98779296875;1048.4591064453125;-0.058823522965907205;0.31250008004445706;0.9144;1218.8337036132812;-170.37459716796866
2013-09-03;1113.98779296875;1507.1600341796875;1048.4591064453125;1376.1026611328125;1376.1026611328125;1990;31.25;-232.1500000000001;1048.4591064453125;1507.1600341796875;1113.98779296875;0.31250008004445706;-0.047619127878007594;1.4775;1209.0044006347657;167.09826049804678
2013-09-04;1376.1026611328125;1507.1600341796875;1245.045166015625;1310.5738525390625;1310.5738525390625;1102;-4.76;-236.91000000000008;1245.045166015625;1507.1600341796875;1376.1026611328125;-0.047619127878007594;0.0;1.3581;1209.0044006347657;101.56945190429678
2013-09-05;1310.5738525390625;1376.1026611328125;1245.045166015625;1310.5738525390625;1310.5738525390625;380;0.0;-236.91000000000008;1245.045166015625;1376.1026611328125;1310.5738525390625;0.0;-0.04999999534286781;1.3437;1212.2808349609375;98.29301757812505
2013-09-06;1310.5738525390625;1310.5738525390625;1179.5164794921875;1245.045166015625;1245.045166015625;237;-5.0;-241.91000000000008;1179.5164794921875;1310.5738525390625;1310.5738525390625;-0.04999999534286781;0.05263157378711125;1.3581;1212.2808349609375;32.764331054687545
2013-09-09;1245.045166015625;1310.5738525390625;1245.045166015625;1310.5738525390625;1310.5738525390625;52;5.26;-236.6500000000001;1245.045166015625;1310.5738525390625;1245.045166015625;0.05263157378711125;-0.04999999534286781;1.3693;1215.5572692871094;95.01658325195308
2013-09-10;1310.5738525390625;1310.5738525390625;1245.045166015625;1245.045166015625;1245.045166015625;51;-5.0;-241.6500000000001;1245.045166015625;1310.5738525390625;1310.5738525390625;-0.04999999534286781;0.05263157378711125;1.3835;1215.5572692871094;29.48789672851558
2013-09-11;1310.5738525390625;1376.1026611328125;1245.045166015625;1310.5738525390625;1310.5738525390625;248;5.26;-236.3900000000001;1245.045166015625;1376.1026611328125;1310.5738525390625;0.05263157378711125;0.0;1.3945;1218.8337036132812;91.74014892578134
2013-09-12;1310.5738525390625;1376.1026611328125;1245.045166015625;1310.5738525390625;1310.5738525390625;72;0.0;-236.3900000000001;1245.045166015625;1376.1026611328125;1310.5738525390625;0.0;0.10000008382837877;1.3945;1222.1101379394531;88.46371459960938
2013-09-13;1310.5738525390625;1507.1600341796875;1310.5738525390625;1441.63134765625;1441.63134765625;473;10.0;-226.3900000000001;1310.5738525390625;1507.1600341796875;1310.5738525390625;0.10000008382837877;0.04545453775680697;1.3896;1225.386572265625;216.2447753906249
2013-09-16;1441.63134765625;1572.688720703125;1376.1026611328125;1507.1600341796875;1507.1600341796875;360;4.55;-221.8400000000001;1376.1026611328125;1572.688720703125;1441.63134765625;0.04545453775680697;0.13043476147993127;1.3432;1238.4923156738282;268.6677185058593
2013-09-17;1507.1600341796875;1769.2747802734375;1441.63134765625;1703.74609375;1703.74609375;487;13.04;-208.8000000000001;1441.63134765625;1769.2747802734375;1507.1600341796875;0.13043476147993127;-0.07692306590027953;1.4053;1261.4273620605468;442.3187316894532
2013-09-18;1769.2747802734375;1769.2747802734375;1441.63134765625;1572.688720703125;1572.688720703125;803;-7.69;-216.4900000000001;1441.63134765625;1769.2747802734375;1769.2747802734375;-0.07692306590027953;0.0;1.4452;1277.8095397949219;294.8791809082031
2013-09-19;1638.2174072265625;1703.74609375;1572.688720703125;1572.688720703125;1572.688720703125;248;0.0;-216.4900000000001;1572.688720703125;1703.74609375;1638.2174072265625;0.0;0.0;1.4243;1297.4681518554687;275.2205688476563
2013-09-20;1638.2174072265625;1703.74609375;1507.1600341796875;1572.688720703125;1572.688720703125;384;0.0;-216.4900000000001;1507.1600341796875;1703.74609375;1638.2174072265625;0.0;0.0;1.4243;1317.1267639160155;255.56195678710947
2013-09-23;1638.2174072265625;1703.74609375;1507.1600341796875;1572.688720703125;1572.688720703125;138;0.0;-216.4900000000001;1507.1600341796875;1703.74609375;1638.2174072265625;0.0;0.0;1.3997;1340.0618103027343;232.62691040039067
2013-09-24;1638.2174072265625;1703.74609375;1507.1600341796875;1572.688720703125;1572.688720703125;241;0.0;-216.4900000000001;1507.1600341796875;1703.74609375;1638.2174072265625;0.0;0.0;1.3997;1362.9968566894531;209.69186401367188
2013-09-25;1638.2174072265625;1638.2174072265625;1507.1600341796875;1572.688720703125;1572.688720703125;111;0.0;-216.4900000000001;1507.1600341796875;1638.2174072265625;1638.2174072265625;0.0;0.0;1.3707;1389.2083374023437;183.48038330078134
2013-09-26;1572.688720703125;1638.2174072265625;1572.688720703125;1572.688720703125;1572.688720703125;127;0.0;-216.4900000000001;1572.688720703125;1638.2174072265625;1572.688720703125;0.0;0.04166666019842791;1.3651;1412.1433837890625;160.54533691406255
2013-09-27;1572.688720703125;1638.2174072265625;1507.1600341796875;1638.2174072265625;1638.2174072265625;77;4.17;-212.3200000000001;1507.1600341796875;1638.2174072265625;1572.688720703125;0.04166666019842791;-0.03999999403887122;1.3648;1438.3548645019532;199.86254272460928
2013-09-30;1572.688720703125;1703.74609375;1507.1600341796875;1572.688720703125;1572.688720703125;324;-4.0;-216.3200000000001;1507.1600341796875;1703.74609375;1572.688720703125;-0.03999999403887122;-0.08333332039685593;1.3515;1464.5663452148438;108.12237548828125
2013-10-01;1572.688720703125;1638.2174072265625;1441.63134765625;1441.63134765625;1441.63134765625;317;-8.33;-224.65000000000012;1441.63134765625;1638.2174072265625;1572.688720703125;-0.08333332039685593;0.0;0.8756;1467.8427795410157;-26.211431884765716
2013-10-02;1441.63134765625;1507.1600341796875;1376.1026611328125;1441.63134765625;1441.63134765625;276;0.0;-224.65000000000012;1376.1026611328125;1507.1600341796875;1441.63134765625;0.0;-0.04545453775680697;0.8546;1474.395654296875;-32.76430664062491
2013-10-03;1507.1600341796875;1507.1600341796875;1376.1026611328125;1376.1026611328125;1376.1026611328125;194;-4.55;-229.20000000000013;1376.1026611328125;1507.1600341796875;1507.1600341796875;-0.04545453775680697;-0.047619127878007594;0.8739;1477.6720947265626;-101.56943359375009
2013-10-04;1441.63134765625;1441.63134765625;1245.045166015625;1310.5738525390625;1310.5738525390625;591;-4.76;-233.96000000000012;1245.045166015625;1441.63134765625;1441.63134765625;-0.047619127878007594;0.05000008848551096;0.872;1480.9485290527343;-170.37467651367183
2013-10-07;1310.5738525390625;1376.1026611328125;1245.045166015625;1376.1026611328125;1376.1026611328125;397;5.0;-228.96000000000012;1245.045166015625;1376.1026611328125;1310.5738525390625;0.05000008848551096;0.0;0.8701;1484.2249694824218;-108.12230834960928
2013-10-08;1310.5738525390625;1376.1026611328125;1310.5738525390625;1376.1026611328125;1376.1026611328125;31;0.0;-228.96000000000012;1310.5738525390625;1376.1026611328125;1310.5738525390625;0.0;0.047619039170736066;0.8469;1490.7778442382812;-114.6751831054687
2013-10-09;1376.1026611328125;1441.63134765625;1310.5738525390625;1441.63134765625;1441.63134765625;212;4.76;-224.20000000000013;1310.5738525390625;1441.63134765625;1376.1026611328125;0.047619039170736066;0.0;0.8434;1497.3307189941406;-55.699371337890625
2013-10-10;1376.1026611328125;1441.63134765625;1376.1026611328125;1441.63134765625;1441.63134765625;85;0.0;-224.20000000000013;1376.1026611328125;1441.63134765625;1376.1026611328125;0.0;0.0;0.8434;1503.88359375;-62.252246093750045
2013-10-11;1441.63134765625;1507.1600341796875;1376.1026611328125;1441.63134765625;1441.63134765625;159;0.0;-224.20000000000013;1376.1026611328125;1507.1600341796875;1441.63134765625;0.0;0.04545453775680697;0.767;1503.88359375;-62.252246093750045
2013-10-14;1441.63134765625;1507.1600341796875;1376.1026611328125;1507.1600341796875;1507.1600341796875;80;4.55;-219.65000000000012;1376.1026611328125;1507.1600341796875;1441.63134765625;0.04545453775680697;-0.08695650765328744;0.767;1503.88359375;3.2764404296874545
2013-10-15;1441.63134765625;1441.63134765625;1376.1026611328125;1376.1026611328125;1376.1026611328125;257;-8.7;-228.3500000000001;1376.1026611328125;1441.63134765625;1441.63134765625;-0.08695650765328744;0.047619039170736066;0.6617;1487.5014221191407;-111.39876098632817
2013-10-16;1376.1026611328125;1441.63134765625;1310.5738525390625;1441.63134765625;1441.63134765625;78;4.76;-223.59000000000012;1310.5738525390625;1441.63134765625;1376.1026611328125;0.047619039170736066;-0.04545453775680697;0.6415;1480.948553466797;-39.317205810546966
2013-10-17;1376.1026611328125;1441.63134765625;1376.1026611328125;1376.1026611328125;1376.1026611328125;59;-4.55;-228.14000000000013;1376.1026611328125;1441.63134765625;1376.1026611328125;-0.04545453775680697;0.09523807834147213;0.6582;1471.1192504882813;-95.0165893554688
2013-10-18;1507.1600341796875;1703.74609375;1441.63134765625;1507.1600341796875;1507.1600341796875;1364;9.52;-218.62000000000012;1441.63134765625;1703.74609375;1507.1600341796875;0.09523807834147213;0.04347825382664383;0.7498;1467.8428161621093;39.31721801757817
2013-10-21;1638.2174072265625;1703.74609375;1507.1600341796875;1572.688720703125;1572.688720703125;990;4.35;-214.27000000000012;1507.1600341796875;1703.74609375;1638.2174072265625;0.04347825382664383;0.2499999611905679;0.7663;1467.8428161621093;104.84590454101567
2013-10-22;1572.688720703125;1965.86083984375;1572.688720703125;1965.86083984375;1965.86083984375;1509;25.0;-189.27000000000012;1572.688720703125;1965.86083984375;1572.688720703125;0.2499999611905679;0.13333331677464177;1.1694;1487.5014221191407;478.35941772460933
2013-10-23;1965.86083984375;2490.09033203125;1900.3321533203125;2227.9755859375;2227.9755859375;6032;13.33;-175.9400000000001;1900.3321533203125;2490.09033203125;1965.86083984375;0.13333331677464177;-0.058823522965907205;1.2423;1520.2657653808594;707.7098205566406
2013-10-24;2424.561767578125;2490.09033203125;2096.918212890625;2096.918212890625;2096.918212890625;2260;-5.88;-181.8200000000001;2096.918212890625;2490.09033203125;2424.561767578125;-0.058823522965907205;0.0;1.2722;1546.4772399902345;550.4409729003905
2013-10-25;2162.447021484375;2293.50439453125;2031.3895263671875;2096.918212890625;2096.918212890625;921;0.0;-181.8200000000001;2031.3895263671875;2293.50439453125;2162.447021484375;0.0;0.03125005457576613;1.2702;1569.4122802734375;527.5059326171875
2013-10-28;2227.9755859375;2359.032958984375;2162.447021484375;2162.447021484375;2162.447021484375;1243;3.13;-178.6900000000001;2162.447021484375;2359.032958984375;2227.9755859375;0.03125005457576613;0.03030296872112226;1.2542;1598.9001953125;563.546826171875
2013-10-29;2162.447021484375;2227.9755859375;2096.918212890625;2227.9755859375;2227.9755859375;575;3.03;-175.6600000000001;2096.918212890625;2227.9755859375;2162.447021484375;0.03030296872112226;-0.058823522965907205;1.1949;1638.2174072265625;589.7581787109375
2013-10-30;2227.9755859375;2293.50439453125;2096.918212890625;2096.918212890625;2096.918212890625;727;-5.88;-181.5400000000001;2096.918212890625;2293.50439453125;2227.9755859375;-0.058823522965907205;-0.062499992723231146;1.2287;1670.9817504882812;425.93646240234375
2013-10-31;2096.918212890625;2162.447021484375;1965.86083984375;1965.86083984375;1965.86083984375;562;-6.25;-187.7900000000001;1965.86083984375;2162.447021484375;2096.918212890625;-0.062499992723231146;-0.06666665838732089;1.2424;1700.469659423828;265.39118041992197
2013-11-01;1965.86083984375;2031.3895263671875;1703.74609375;1834.803466796875;1834.803466796875;840;-6.67;-194.4600000000001;1703.74609375;2031.3895263671875;1965.86083984375;-0.06666665838732089;0.0;1.258;1726.6811401367188;108.1223266601562
2013-11-04;1834.803466796875;1965.86083984375;1769.2747802734375;1834.803466796875;1834.803466796875;508;0.0;-194.4600000000001;1769.2747802734375;1965.86083984375;1834.803466796875;0.0;-0.03571428096211027;1.2546;1749.6161804199219;85.18728637695312
2013-11-05;1834.803466796875;1900.3321533203125;1703.74609375;1769.2747802734375;1769.2747802734375;477;-3.57;-198.0300000000001;1703.74609375;1900.3321533203125;1834.803466796875;-0.03571428096211027;-0.03703703192632979;1.2675;1769.2747863769532;-6.10351571594947e-06
2013-11-06;1769.2747802734375;1900.3321533203125;1703.74609375;1703.74609375;1703.74609375;679;-3.7;-201.73000000000008;1703.74609375;1900.3321533203125;1769.2747802734375;-0.03703703192632979;0.0;1.2746;1782.3805236816406;-78.63442993164062
2013-11-07;1703.74609375;1769.2747802734375;1638.2174072265625;1703.74609375;1703.74609375;245;0.0;-201.73000000000008;1638.2174072265625;1769.2747802734375;1703.74609375;0.0;0.038461532950139654;1.2746;1795.486260986328;-91.74016723632803
2013-11-08;1703.74609375;1834.803466796875;1638.2174072265625;1769.2747802734375;1769.2747802734375;329;3.85;-197.88000000000008;1638.2174072265625;1834.803466796875;1703.74609375;0.038461532950139654;0.11111109577898959;1.2774;1811.8684326171874;-42.59365234374991
2013-11-11;1834.803466796875;2096.918212890625;1834.803466796875;1965.86083984375;1965.86083984375;1625;11.11;-186.7700000000001;1834.803466796875;2096.918212890625;1834.803466796875;0.11111109577898959;0.06666665838732078;1.32;1834.8034729003907;131.05736694335928
2013-11-12;2031.3895263671875;2096.918212890625;1900.3321533203125;2096.918212890625;2096.918212890625;452;6.67;-180.1000000000001;1900.3321533203125;2096.918212890625;2031.3895263671875;0.06666665838732078;-0.03124999636161563;1.2721;1870.8442504882812;226.0739624023438
2013-11-13;2096.918212890625;2096.918212890625;1965.86083984375;2031.3895263671875;2031.3895263671875;394;-3.12;-183.2200000000001;1965.86083984375;2096.918212890625;2096.918212890625;-0.03124999636161563;-0.032258060639224095;1.2836;1900.3321594238282;131.05736694335928
2013-11-14;2031.3895263671875;2162.447021484375;1965.86083984375;1965.86083984375;1965.86083984375;543;-3.23;-186.4500000000001;1965.86083984375;2162.447021484375;2031.3895263671875;-0.032258060639224095;0.0;1.2754;1929.820068359375;36.040771484375
2013-11-18;2096.918212890625;2162.447021484375;1900.3321533203125;1965.86083984375;1965.86083984375;845;0.0;-186.4500000000001;1900.3321533203125;2162.447021484375;2096.918212890625;0.0;-0.06666665838732089;1.2462;1952.755108642578;13.10573120117192
2013-11-19;1900.3321533203125;1965.86083984375;1834.803466796875;1834.803466796875;1834.803466796875;451;-6.67;-193.1200000000001;1834.803466796875;1965.86083984375;1900.3321533203125;-0.06666665838732089;0.0;1.2751;1965.8608459472657;-131.05737915039072
2013-11-21;1834.803466796875;1965.86083984375;1834.803466796875;1834.803466796875;1834.803466796875;225;0.0;-193.1200000000001;1834.803466796875;1965.86083984375;1834.803466796875;0.0;0.0;0.9086;1959.3079772949218;-124.50451049804678
2013-11-22;1900.3321533203125;1900.3321533203125;1769.2747802734375;1834.803466796875;1834.803466796875;216;0.0;-193.1200000000001;1769.2747802734375;1900.3321533203125;1900.3321533203125;0.0;0.03571428096211027;0.7558;1939.6493713378907;-104.84590454101567
2013-11-25;1834.803466796875;1900.3321533203125;1769.2747802734375;1900.3321533203125;1900.3321533203125;140;3.57;-189.5500000000001;1769.2747802734375;1900.3321533203125;1834.803466796875;0.03571428096211027;0.0;0.7469;1929.820068359375;-29.4879150390625
2013-11-26;1834.803466796875;1900.3321533203125;1769.2747802734375;1900.3321533203125;1900.3321533203125;64;0.0;-189.5500000000001;1769.2747802734375;1900.3321533203125;1834.803466796875;0.0;-0.03448275419059976;0.7469;1919.9907653808593;-19.65861206054683
2013-11-27;1834.803466796875;1900.3321533203125;1769.2747802734375;1834.803466796875;1834.803466796875;109;-3.45;-193.00000000000009;1769.2747802734375;1900.3321533203125;1834.803466796875;-0.03448275419059976;-0.03571428096211027;0.7423;1903.6085876464845;-68.80512084960947
2013-11-28;1900.3321533203125;1900.3321533203125;1703.74609375;1769.2747802734375;1769.2747802734375;212;-3.57;-196.57000000000008;1703.74609375;1900.3321533203125;1900.3321533203125;-0.03571428096211027;0.0;0.7351;1880.6735473632812;-111.39876708984366
2013-11-29;1769.2747802734375;1834.803466796875;1703.74609375;1769.2747802734375;1769.2747802734375;91;0.0;-196.57000000000008;1703.74609375;1834.803466796875;1769.2747802734375;0.0;0.0;0.7131;1864.2913757324218;-95.01659545898428
2013-12-02;1769.2747802734375;1834.803466796875;1703.74609375;1769.2747802734375;1769.2747802734375;162;0.0;-196.57000000000008;1703.74609375;1834.803466796875;1769.2747802734375;0.0;-0.03703703192632979;0.6831;1854.4620727539063;-85.18729248046884
2013-12-03;1769.2747802734375;1834.803466796875;1638.2174072265625;1703.74609375;1703.74609375;308;-3.7;-200.27000000000007;1638.2174072265625;1834.803466796875;1769.2747802734375;-0.03703703192632979;0.0;0.6547;1847.9092041015624;-144.1631103515624
2013-12-04;1703.74609375;1769.2747802734375;1638.2174072265625;1703.74609375;1703.74609375;186;0.0;-200.27000000000007;1638.2174072265625;1769.2747802734375;1703.74609375;0.0;-0.07692306590027953;0.6547;1841.3563354492187;-137.6102416992187
2013-12-05;1703.74609375;1769.2747802734375;1572.688720703125;1572.688720703125;1572.688720703125;234;-7.69;-207.96000000000006;1572.688720703125;1769.2747802734375;1703.74609375;-0.07692306590027953;0.04166666019842791;0.6971;1831.527032470703;-258.83831176757803
2013-12-06;1572.688720703125;1638.2174072265625;1507.1600341796875;1638.2174072265625;1638.2174072265625;105;4.17;-203.79000000000008;1507.1600341796875;1638.2174072265625;1572.688720703125;0.04166666019842791;-0.03999999403887122;0.705;1828.2505981445313;-190.0331909179688
2013-12-09;1572.688720703125;1638.2174072265625;1507.1600341796875;1572.688720703125;1572.688720703125;232;-4.0;-207.79000000000008;1507.1600341796875;1638.2174072265625;1572.688720703125;-0.03999999403887122;-0.04166666019842802;0.7184;1821.6977294921876;-249.0090087890626
2013-12-10;1507.1600341796875;1572.688720703125;1441.63134765625;1507.1600341796875;1507.1600341796875;359;-4.17;-211.96000000000006;1441.63134765625;1572.688720703125;1507.1600341796875;-0.04166666019842802;0.0;0.7133;1808.5919921875;-301.43195800781245
2013-12-11;1572.688720703125;1572.688720703125;1441.63134765625;1507.1600341796875;1507.1600341796875;107;0.0;-211.96000000000006;1441.63134765625;1572.688720703125;1572.688720703125;0.0;0.04347825382664383;0.5622;1785.6569519042969;-278.4969177246094
2013-12-12;1507.1600341796875;1572.688720703125;1441.63134765625;1572.688720703125;1572.688720703125;26;4.35;-207.61000000000007;1441.63134765625;1572.688720703125;1507.1600341796875;0.04347825382664383;0.04166666019842791;0.5236;1759.4454772949218;-186.75675659179683
2013-12-13;1507.1600341796875;1638.2174072265625;1507.1600341796875;1638.2174072265625;1638.2174072265625;90;4.17;-203.44000000000008;1507.1600341796875;1638.2174072265625;1507.1600341796875;0.04166666019842791;0.0;0.5543;1739.7868713378907;-101.56946411132822
2013-12-16;1638.2174072265625;1703.74609375;1572.688720703125;1638.2174072265625;1638.2174072265625;219;0.0;-203.44000000000008;1572.688720703125;1703.74609375;1638.2174072265625;0.0;0.0;0.549;1723.4046997070313;-85.18729248046884
2013-12-17;1638.2174072265625;1703.74609375;1572.688720703125;1638.2174072265625;1638.2174072265625;25;0.0;-203.44000000000008;1572.688720703125;1703.74609375;1638.2174072265625;0.0;0.03999999403887111;0.549;1707.022528076172;-68.80512084960947
2013-12-18;1638.2174072265625;1703.74609375;1572.688720703125;1703.74609375;1703.74609375;122;4.0;-199.44000000000008;1572.688720703125;1703.74609375;1638.2174072265625;0.03999999403887111;0.0;0.5294;1700.469659423828;3.276434326171966
2013-12-19;1703.74609375;1769.2747802734375;1638.2174072265625;1703.74609375;1703.74609375;117;0.0;-199.44000000000008;1638.2174072265625;1769.2747802734375;1703.74609375;0.0;0.0;0.5294;1693.9167907714843;9.82930297851567
2013-12-20;1703.74609375;1703.74609375;1638.2174072265625;1703.74609375;1703.74609375;89;0.0;-199.44000000000008;1638.2174072265625;1703.74609375;1703.74609375;0.0;0.0;0.5294;1687.3639221191406;16.382171630859375
2013-12-23;1703.74609375;1703.74609375;1572.688720703125;1703.74609375;1703.74609375;24;0.0;-199.44000000000008;1572.688720703125;1703.74609375;1703.74609375;0.0;-0.038461532950139765;0.5094;1677.534619140625;26.211474609375045
2013-12-26;1703.74609375;1703.74609375;1572.688720703125;1638.2174072265625;1638.2174072265625;81;-3.85;-203.29000000000008;1572.688720703125;1703.74609375;1703.74609375;-0.038461532950139765;0.0;0.5225;1664.4288818359375;-26.211474609375045
2013-12-27;1572.688720703125;1638.2174072265625;1572.688720703125;1638.2174072265625;1638.2174072265625;41;0.0;-203.29000000000008;1572.688720703125;1638.2174072265625;1572.688720703125;0.0;0.0;0.5126;1654.5995788574219;-16.382171630859375
2013-12-30;1638.2174072265625;1638.2174072265625;1507.1600341796875;1638.2174072265625;1638.2174072265625;84;0.0;-203.29000000000008;1507.1600341796875;1638.2174072265625;1638.2174072265625;0.0;-0.03999999403887122;0.4999;1648.0467102050782;-9.82930297851567
2014-01-02;1638.2174072265625;1638.2174072265625;1572.688720703125;1572.688720703125;1572.688720703125;15;-4.0;-207.29000000000008;1572.688720703125;1638.2174072265625;1638.2174072265625;-0.03999999403887122;0.04166666019842791;0.5162;1638.2174072265625;-65.5286865234375
2014-01-03;1572.688720703125;1638.2174072265625;1572.688720703125;1638.2174072265625;1638.2174072265625;23;4.17;-203.1200000000001;1572.688720703125;1638.2174072265625;1572.688720703125;0.04166666019842791;0.0;0.5425;1631.6645385742188;6.5528686523437045
2014-01-06;1638.2174072265625;1703.74609375;1572.688720703125;1638.2174072265625;1638.2174072265625;108;0.0;-203.1200000000001;1572.688720703125;1703.74609375;1638.2174072265625;0.0;-0.03999999403887122;0.5276;1628.3881042480468;9.82930297851567
2014-01-07;1638.2174072265625;1703.74609375;1572.688720703125;1572.688720703125;1572.688720703125;127;-4.0;-207.1200000000001;1572.688720703125;1703.74609375;1638.2174072265625;-0.03999999403887122;0.04166666019842791;0.545;1621.8352355957031;-49.146514892578125
2014-01-08;1638.2174072265625;1638.2174072265625;1572.688720703125;1638.2174072265625;1638.2174072265625;18;4.17;-202.9500000000001;1572.688720703125;1638.2174072265625;1638.2174072265625;0.04166666019842791;0.0;0.493;1625.111669921875;13.105737304687409
2014-01-09;1638.2174072265625;1703.74609375;1572.688720703125;1638.2174072265625;1638.2174072265625;29;0.0;-202.9500000000001;1572.688720703125;1703.74609375;1638.2174072265625;0.0;0.0;0.4708;1625.111669921875;13.105737304687409
2014-01-10;1638.2174072265625;1638.2174072265625;1572.688720703125;1638.2174072265625;1638.2174072265625;32;0.0;-202.9500000000001;1572.688720703125;1638.2174072265625;1638.2174072265625;0.0;0.0;0.446;1628.3881042480468;9.82930297851567
2014-01-13;1572.688720703125;1638.2174072265625;1572.688720703125;1638.2174072265625;1638.2174072265625;40;0.0;-202.9500000000001;1572.688720703125;1638.2174072265625;1572.688720703125;0.0;-0.03999999403887122;0.4148;1634.9409729003905;3.276434326171966
2014-01-14;1638.2174072265625;1638.2174072265625;1572.688720703125;1572.688720703125;1572.688720703125;77;-4.0;-206.9500000000001;1572.688720703125;1638.2174072265625;1638.2174072265625;-0.03999999403887122;0.04166666019842791;0.4438;1638.2174072265625;-65.5286865234375
2014-01-15;1572.688720703125;1638.2174072265625;1507.1600341796875;1638.2174072265625;1638.2174072265625;252;4.17;-202.78000000000011;1507.1600341796875;1638.2174072265625;1572.688720703125;0.04166666019842791;-0.03999999403887122;0.4417;1641.4938415527345;-3.276434326171966
2014-01-16;1638.2174072265625;1638.2174072265625;1507.1600341796875;1572.688720703125;1572.688720703125;41;-4.0;-206.78000000000011;1507.1600341796875;1638.2174072265625;1638.2174072265625;-0.03999999403887122;0.0;0.4405;1638.2174072265625;-65.5286865234375
2014-01-17;1572.688720703125;1572.688720703125;1507.1600341796875;1572.688720703125;1572.688720703125;7;0.0;-206.78000000000011;1507.1600341796875;1572.688720703125;1572.688720703125;0.0;-0.04166666019842802;0.4405;1634.9409729003905;-62.252252197265534
2014-01-20;1572.688720703125;1572.688720703125;1441.63134765625;1507.1600341796875;1507.1600341796875;137;-4.17;-210.9500000000001;1441.63134765625;1572.688720703125;1572.688720703125;-0.04166666019842802;0.0;0.4627;1628.3881042480468;-121.22807006835933
2014-01-21;1572.688720703125;1572.688720703125;1441.63134765625;1507.1600341796875;1507.1600341796875;49;0.0;-210.9500000000001;1441.63134765625;1572.688720703125;1572.688720703125;0.0;0.04347825382664383;0.4334;1618.5588012695312;-111.39876708984366
2014-01-22;1507.1600341796875;1572.688720703125;1507.1600341796875;1572.688720703125;1572.688720703125;35;4.35;-206.6000000000001;1507.1600341796875;1572.688720703125;1507.1600341796875;0.04347825382664383;-0.04166666019842802;0.4672;1612.0059326171875;-39.317211914062455
2014-01-23;1507.1600341796875;1638.2174072265625;1507.1600341796875;1507.1600341796875;1507.1600341796875;229;-4.17;-210.7700000000001;1507.1600341796875;1638.2174072265625;1507.1600341796875;-0.04166666019842802;0.0;0.486;1602.1766296386718;-95.01659545898428
2014-01-24;1507.1600341796875;1572.688720703125;1441.63134765625;1507.1600341796875;1507.1600341796875;81;0.0;-210.7700000000001;1441.63134765625;1572.688720703125;1507.1600341796875;0.0;-0.08695650765328744;0.486;1592.3473266601563;-85.18729248046884
2014-01-27;1441.63134765625;1507.1600341796875;1310.5738525390625;1376.1026611328125;1376.1026611328125;303;-8.7;-219.47000000000008;1310.5738525390625;1507.1600341796875;1441.63134765625;-0.08695650765328744;0.0;0.555;1579.2415893554687;-203.1389282226562
2014-01-28;1376.1026611328125;1441.63134765625;1310.5738525390625;1376.1026611328125;1376.1026611328125;211;0.0;-219.47000000000008;1310.5738525390625;1441.63134765625;1376.1026611328125;0.0;0.0;0.555;1566.1358520507813;-190.0331909179688
2014-01-29;1376.1026611328125;1441.63134765625;1310.5738525390625;1376.1026611328125;1376.1026611328125;89;0.0;-219.47000000000008;1310.5738525390625;1441.63134765625;1376.1026611328125;0.0;0.0;0.555;1553.0301147460937;-176.92745361328116
2014-01-30;1376.1026611328125;1441.63134765625;1310.5738525390625;1376.1026611328125;1376.1026611328125;141;0.0;-219.47000000000008;1310.5738525390625;1441.63134765625;1376.1026611328125;0.0;0.0;0.5425;1543.2008117675782;-167.09815063476572
2014-01-31;1310.5738525390625;1376.1026611328125;1310.5738525390625;1376.1026611328125;1376.1026611328125;47;0.0;-219.47000000000008;1310.5738525390625;1376.1026611328125;1310.5738525390625;0.0;-0.047619127878007594;0.5132;1530.0950744628906;-153.99241333007808
2014-02-03;1376.1026611328125;1376.1026611328125;1245.045166015625;1310.5738525390625;1310.5738525390625;74;-4.76;-224.23000000000008;1245.045166015625;1376.1026611328125;1376.1026611328125;-0.047619127878007594;-0.04999999534286781;0.5307;1513.7128967285157;-203.13904418945322
2014-02-04;1245.045166015625;1310.5738525390625;1245.045166015625;1245.045166015625;1245.045166015625;39;-5.0;-229.23000000000008;1245.045166015625;1310.5738525390625;1245.045166015625;-0.04999999534286781;-0.1052631475742224;0.5392;1497.3307189941406;-252.28555297851562
2014-02-05;1310.5738525390625;1310.5738525390625;1113.98779296875;1113.98779296875;1113.98779296875;407;-10.53;-239.76000000000008;1113.98779296875;1310.5738525390625;1310.5738525390625;-0.1052631475742224;0.0;0.5977;1471.11923828125;-357.1314453125001
2014-02-06;1179.5164794921875;1245.045166015625;1113.98779296875;1113.98779296875;1113.98779296875;570;0.0;-239.76000000000008;1113.98779296875;1245.045166015625;1179.5164794921875;0.0;0.11764704593181441;0.5977;1444.9077575683593;-330.91996459960933
2014-02-07;1179.5164794921875;1310.5738525390625;1048.4591064453125;1245.045166015625;1245.045166015625;1188;11.76;-228.00000000000009;1048.4591064453125;1310.5738525390625;1179.5164794921875;0.11764704593181441;-0.05263157378711125;0.7675;1425.2491455078125;-180.2039794921875
2014-02-10;1245.045166015625;1310.5738525390625;1179.5164794921875;1179.5164794921875;1179.5164794921875;306;-5.26;-233.26000000000008;1179.5164794921875;1310.5738525390625;1245.045166015625;-0.05263157378711125;0.0;0.7788;1402.3140991210937;-222.7976196289062
2014-02-11;1179.5164794921875;1310.5738525390625;1113.98779296875;1179.5164794921875;1179.5164794921875;785;0.0;-233.26000000000008;1113.98779296875;1310.5738525390625;1179.5164794921875;0.0;0.0;0.7748;1382.6554870605469;-203.13900756835938
2014-02-12;1179.5164794921875;1245.045166015625;1113.98779296875;1179.5164794921875;1179.5164794921875;230;0.0;-233.26000000000008;1113.98779296875;1245.045166015625;1179.5164794921875;0.0;0.05555554980600985;0.7494;1359.720440673828;-180.20396118164058
2014-02-13;1179.5164794921875;1245.045166015625;1179.5164794921875;1245.045166015625;1245.045166015625;91;5.56;-227.70000000000007;1179.5164794921875;1245.045166015625;1179.5164794921875;0.05555554980600985;-0.05263157378711125;0.7835;1343.3382629394532;-98.29309692382822
2014-02-14;1245.045166015625;1245.045166015625;1113.98779296875;1179.5164794921875;1179.5164794921875;170;-5.26;-232.96000000000006;1113.98779296875;1245.045166015625;1245.045166015625;-0.05263157378711125;0.0;0.7963;1323.6796508789062;-144.16317138671866
2014-02-17;1179.5164794921875;1245.045166015625;1113.98779296875;1179.5164794921875;1179.5164794921875;64;0.0;-232.96000000000006;1113.98779296875;1245.045166015625;1179.5164794921875;0.0;-0.05555554980600974;0.7902;1307.2974731445313;-127.7809936523438
2014-02-18;1179.5164794921875;1179.5164794921875;1113.98779296875;1113.98779296875;1113.98779296875;23;-5.56;-238.52000000000007;1113.98779296875;1179.5164794921875;1179.5164794921875;-0.05555554980600974;0.0;0.8044;1287.6388610839845;-173.65106811523447
2014-02-19;1113.98779296875;1179.5164794921875;1048.4591064453125;1113.98779296875;1113.98779296875;273;0.0;-238.52000000000007;1048.4591064453125;1179.5164794921875;1113.98779296875;0.0;0.0;0.7778;1264.7038146972657;-150.71602172851567
2014-02-20;1179.5164794921875;1179.5164794921875;1113.98779296875;1113.98779296875;1113.98779296875;57;0.0;-238.52000000000007;1113.98779296875;1179.5164794921875;1179.5164794921875;0.0;0.0;0.7735;1245.0452026367188;-131.05740966796884
2014-02-21;1179.5164794921875;1179.5164794921875;1113.98779296875;1113.98779296875;1113.98779296875;31;0.0;-238.52000000000007;1113.98779296875;1179.5164794921875;1179.5164794921875;0.0;0.0;0.7735;1225.3865905761718;-111.39879760742178
2014-02-24;1179.5164794921875;1179.5164794921875;1113.98779296875;1113.98779296875;1113.98779296875;23;0.0;-238.52000000000007;1113.98779296875;1179.5164794921875;1179.5164794921875;0.0;0.0;0.7246;1212.2808471679687;-98.29305419921866
2014-02-25;1179.5164794921875;1179.5164794921875;1113.98779296875;1113.98779296875;1113.98779296875;44;0.0;-238.52000000000007;1113.98779296875;1179.5164794921875;1179.5164794921875;0.0;0.0;0.7246;1199.1751037597655;-85.18731079101553
2014-02-26;1113.98779296875;1179.5164794921875;1113.98779296875;1113.98779296875;1113.98779296875;122;0.0;-238.52000000000007;1113.98779296875;1179.5164794921875;1113.98779296875;0.0;0.0;0.7246;1186.0693603515624;-72.08156738281241
2014-02-27;1113.98779296875;1179.5164794921875;1113.98779296875;1113.98779296875;1113.98779296875;19;0.0;-238.52000000000007;1113.98779296875;1179.5164794921875;1113.98779296875;0.0;0.058823522965907094;0.7246;1172.9636169433593;-58.975823974609284
2014-02-28;1113.98779296875;1245.045166015625;1113.98779296875;1179.5164794921875;1179.5164794921875;336;5.88;-232.64000000000007;1113.98779296875;1245.045166015625;1113.98779296875;0.058823522965907094;0.0;0.7639;1163.1343078613281;16.382171630859375
2014-03-05;1179.5164794921875;1245.045166015625;1179.5164794921875;1179.5164794921875;1179.5164794921875;110;0.0;-232.64000000000007;1179.5164794921875;1245.045166015625;1179.5164794921875;0.0;0.0;0.7485;1156.5814392089844;22.93504028320308
2014-03-06;1179.5164794921875;1245.045166015625;1179.5164794921875;1179.5164794921875;1179.5164794921875;86;0.0;-232.64000000000007;1179.5164794921875;1245.045166015625;1179.5164794921875;0.0;0.0;0.7287;1153.3050048828125;26.211474609375045
2014-03-07;1179.5164794921875;1179.5164794921875;1113.98779296875;1179.5164794921875;1179.5164794921875;21;0.0;-232.64000000000007;1113.98779296875;1179.5164794921875;1179.5164794921875;0.0;0.0;0.6176;1156.5814392089844;22.93504028320308
2014-03-10;1179.5164794921875;1179.5164794921875;1113.98779296875;1179.5164794921875;1179.5164794921875;30;0.0;-232.64000000000007;1113.98779296875;1179.5164794921875;1179.5164794921875;0.0;-0.05555554980600974;0.6176;1159.8578735351562;19.65860595703134
2014-03-11;1179.5164794921875;1179.5164794921875;1113.98779296875;1113.98779296875;1113.98779296875;78;-5.56;-238.20000000000007;1113.98779296875;1179.5164794921875;1179.5164794921875;-0.05555554980600974;0.0;0.4851;1153.3050048828125;-39.317211914062455
2014-03-12;1179.5164794921875;1179.5164794921875;1113.98779296875;1113.98779296875;1113.98779296875;179;0.0;-238.20000000000007;1113.98779296875;1179.5164794921875;1179.5164794921875;0.0;0.0;0.4515;1150.0285705566407;-36.040777587890716
2014-03-13;1113.98779296875;1113.98779296875;1113.98779296875;1113.98779296875;1113.98779296875;28;0.0;-238.20000000000007;1113.98779296875;1113.98779296875;1113.98779296875;0.0;0.0;0.4515;1146.7521362304688;-32.76434326171875
2014-03-14;1113.98779296875;1179.5164794921875;1113.98779296875;1113.98779296875;1113.98779296875;24;0.0;-238.20000000000007;1113.98779296875;1179.5164794921875;1113.98779296875;0.0;0.058823522965907094;0.4515;1143.4757019042968;-29.487908935546784
2014-03-17;1179.5164794921875;1179.5164794921875;1113.98779296875;1179.5164794921875;1179.5164794921875;141;5.88;-232.32000000000008;1113.98779296875;1179.5164794921875;1179.5164794921875;0.058823522965907094;0.11111109961201948;0.4572;1140.199267578125;39.317211914062455
2014-03-18;1179.5164794921875;1310.5738525390625;1179.5164794921875;1310.5738525390625;1310.5738525390625;366;11.11;-221.2100000000001;1179.5164794921875;1310.5738525390625;1179.5164794921875;0.11111109961201948;-0.04999999534286781;0.5729;1146.7521362304688;163.82171630859375
2014-03-19;1245.045166015625;1310.5738525390625;1179.5164794921875;1245.045166015625;1245.045166015625;254;-5.0;-226.2100000000001;1179.5164794921875;1310.5738525390625;1245.045166015625;-0.04999999534286781;0.0;0.6062;1150.0285705566407;95.01659545898428
2014-03-20;1179.5164794921875;1310.5738525390625;1179.5164794921875;1245.045166015625;1245.045166015625;127;0.0;-226.2100000000001;1179.5164794921875;1310.5738525390625;1179.5164794921875;0.0;0.0;0.5653;1156.5814392089844;88.46372680664058
2014-03-21;1245.045166015625;1310.5738525390625;1113.98779296875;1245.045166015625;1245.045166015625;243;0.0;-226.2100000000001;1113.98779296875;1310.5738525390625;1245.045166015625;0.0;0.0;0.5653;1163.1343078613281;81.91085815429688
2014-03-24;1179.5164794921875;1245.045166015625;1113.98779296875;1245.045166015625;1245.045166015625;102;0.0;-226.2100000000001;1113.98779296875;1245.045166015625;1179.5164794921875;0.0;0.05263157378711125;0.5653;1169.6871765136718;75.35798950195317
2014-03-25;1245.045166015625;1310.5738525390625;1179.5164794921875;1310.5738525390625;1310.5738525390625;179;5.26;-220.9500000000001;1179.5164794921875;1310.5738525390625;1245.045166015625;0.05263157378711125;0.0;0.5881;1179.5164794921875;131.057373046875
2014-03-26;1310.5738525390625;1310.5738525390625;1179.5164794921875;1310.5738525390625;1310.5738525390625;223;0.0;-220.9500000000001;1179.5164794921875;1310.5738525390625;1310.5738525390625;0.0;-0.09999999068573573;0.5881;1189.3457824707032;121.22807006835933
2014-03-27;1245.045166015625;1310.5738525390625;1113.98779296875;1179.5164794921875;1179.5164794921875;293;-10.0;-230.9500000000001;1113.98779296875;1310.5738525390625;1245.045166015625;-0.09999999068573573;0.0;0.7037;1192.622216796875;-13.105737304687409
2014-03-28;1179.5164794921875;1179.5164794921875;1113.98779296875;1179.5164794921875;1179.5164794921875;56;0.0;-230.9500000000001;1113.98779296875;1179.5164794921875;1179.5164794921875;0.0;-0.05555554980600974;0.7037;1195.8986511230469;-16.382171630859375
2014-03-31;1179.5164794921875;1179.5164794921875;1113.98779296875;1113.98779296875;1113.98779296875;78;-5.56;-236.5100000000001;1113.98779296875;1179.5164794921875;1179.5164794921875;-0.05555554980600974;0.0;0.7346;1195.8986511230469;-81.91085815429688
2014-04-01;1179.5164794921875;1179.5164794921875;1048.4591064453125;1113.98779296875;1113.98779296875;387;0.0;-236.5100000000001;1048.4591064453125;1179.5164794921875;1179.5164794921875;0.0;0.0;0.7022;1192.622216796875;-78.63442382812491
2014-04-02;1113.98779296875;1179.5164794921875;1048.4591064453125;1113.98779296875;1113.98779296875;61;0.0;-236.5100000000001;1048.4591064453125;1179.5164794921875;1113.98779296875;0.0;0.058823522965907094;0.7022;1189.3457824707032;-75.35798950195317
2014-04-03;1113.98779296875;1245.045166015625;1048.4591064453125;1179.5164794921875;1179.5164794921875;1014;5.88;-230.6300000000001;1048.4591064453125;1245.045166015625;1113.98779296875;0.058823522965907094;0.0;0.7346;1189.3457824707032;-9.82930297851567
2014-04-04;1245.045166015625;1245.045166015625;1179.5164794921875;1179.5164794921875;1179.5164794921875;309;0.0;-230.6300000000001;1179.5164794921875;1245.045166015625;1245.045166015625;0.0;-0.05555554980600974;0.7346;1189.3457824707032;-9.82930297851567
2014-04-07;1179.5164794921875;1245.045166015625;1113.98779296875;1113.98779296875;1113.98779296875;121;-5.56;-236.1900000000001;1113.98779296875;1245.045166015625;1179.5164794921875;-0.05555554980600974;0.058823522965907094;0.7616;1186.0693481445312;-72.0815551757812
2014-04-08;1179.5164794921875;1179.5164794921875;1113.98779296875;1179.5164794921875;1179.5164794921875;82;5.88;-230.31000000000012;1113.98779296875;1179.5164794921875;1179.5164794921875;0.058823522965907094;0.0;0.7627;1189.3457824707032;-9.82930297851567
2014-04-09;1179.5164794921875;1179.5164794921875;1113.98779296875;1179.5164794921875;1179.5164794921875;65;0.0;-230.31000000000012;1113.98779296875;1179.5164794921875;1179.5164794921875;0.0;-0.05555554980600974;0.7627;1192.622216796875;-13.105737304687409
2014-04-10;1179.5164794921875;1179.5164794921875;1113.98779296875;1113.98779296875;1113.98779296875;132;-5.56;-235.87000000000012;1113.98779296875;1179.5164794921875;1179.5164794921875;-0.05555554980600974;0.058823522965907094;0.7914;1192.622216796875;-78.63442382812491
2014-04-11;1113.98779296875;1245.045166015625;1113.98779296875;1179.5164794921875;1179.5164794921875;213;5.88;-229.99000000000012;1113.98779296875;1245.045166015625;1113.98779296875;0.058823522965907094;-0.05555554980600974;0.8174;1195.8986511230469;-16.382171630859375
2014-04-14;1113.98779296875;1179.5164794921875;1113.98779296875;1113.98779296875;1113.98779296875;253;-5.56;-235.55000000000013;1113.98779296875;1179.5164794921875;1113.98779296875;-0.05555554980600974;-0.058823522965907205;0.8167;1192.622216796875;-78.63442382812491
2014-04-15;1179.5164794921875;1179.5164794921875;1048.4591064453125;1048.4591064453125;1048.4591064453125;148;-5.88;-241.43000000000012;1048.4591064453125;1179.5164794921875;1179.5164794921875;-0.058823522965907205;0.0;0.723;1179.5164794921875;-131.057373046875
2014-04-16;1113.98779296875;1113.98779296875;1048.4591064453125;1048.4591064453125;1048.4591064453125;76;0.0;-241.43000000000012;1048.4591064453125;1113.98779296875;1113.98779296875;0.0;0.06249999272323126;0.7081;1169.6871765136718;-121.22807006835933
2014-04-17;1048.4591064453125;1113.98779296875;1048.4591064453125;1113.98779296875;1113.98779296875;20;6.25;-235.18000000000012;1048.4591064453125;1113.98779296875;1048.4591064453125;0.06249999272323126;0.0;0.7505;1163.1343078613281;-49.146514892578125
2014-04-22;1048.4591064453125;1179.5164794921875;1048.4591064453125;1113.98779296875;1113.98779296875;223;0.0;-235.18000000000012;1048.4591064453125;1179.5164794921875;1048.4591064453125;0.0;0.0;0.7505;1156.5814392089844;-42.59364624023442
2014-04-23;1113.98779296875;1113.98779296875;1048.4591064453125;1113.98779296875;1113.98779296875;29;0.0;-235.18000000000012;1048.4591064453125;1113.98779296875;1113.98779296875;0.0;0.0;0.7505;1150.0285705566407;-36.040777587890716
2014-04-24;1113.98779296875;1113.98779296875;1048.4591064453125;1113.98779296875;1113.98779296875;25;0.0;-235.18000000000012;1048.4591064453125;1113.98779296875;1113.98779296875;0.0;0.0;0.72;1140.199267578125;-26.211474609375045
2014-04-25;1113.98779296875;1113.98779296875;1048.4591064453125;1113.98779296875;1113.98779296875;40;0.0;-235.18000000000012;1048.4591064453125;1113.98779296875;1113.98779296875;0.0;0.0;0.72;1130.3699645996094;-16.382171630859375
2014-04-28;1113.98779296875;1113.98779296875;1048.4591064453125;1113.98779296875;1113.98779296875;47;0.0;-235.18000000000012;1048.4591064453125;1113.98779296875;1113.98779296875;0.0;-0.058823522965907205;0.6308;1127.0935302734374;-13.105737304687409
2014-04-29;1048.4591064453125;1113.98779296875;982.930419921875;1048.4591064453125;1048.4591064453125;331;-5.88;-241.06000000000012;982.930419921875;1113.98779296875;1048.4591064453125;-0.058823522965907205;0.0;0.662;1120.5406616210937;-72.0815551757812
2014-04-30;1048.4591064453125;1113.98779296875;982.930419921875;1048.4591064453125;1048.4591064453125;41;0.0;-241.06000000000012;982.930419921875;1113.98779296875;1048.4591064453125;0.0;0.0;0.6346;1117.264227294922;-68.80512084960947
2014-05-02;1048.4591064453125;1048.4591064453125;982.930419921875;1048.4591064453125;1048.4591064453125;36;0.0;-241.06000000000012;982.930419921875;1048.4591064453125;1048.4591064453125;0.0;0.0;0.6346;1113.98779296875;-65.5286865234375
2014-05-05;1048.4591064453125;1113.98779296875;982.930419921875;1048.4591064453125;1048.4591064453125;45;0.0;-241.06000000000012;982.930419921875;1113.98779296875;1048.4591064453125;0.0;0.0;0.6346;1110.711358642578;-62.252252197265534
2014-05-06;1048.4591064453125;1113.98779296875;1048.4591064453125;1048.4591064453125;1048.4591064453125;78;0.0;-241.06000000000012;1048.4591064453125;1113.98779296875;1048.4591064453125;0.0;0.0;0.5924;1104.1584899902343;-55.69938354492183
2014-05-07;1048.4591064453125;1113.98779296875;982.930419921875;1048.4591064453125;1048.4591064453125;149;0.0;-241.06000000000012;982.930419921875;1113.98779296875;1048.4591064453125;0.0;0.0;0.5924;1097.6056213378906;-49.146514892578125
2014-05-08;982.930419921875;1113.98779296875;982.930419921875;1048.4591064453125;1048.4591064453125;69;0.0;-241.06000000000012;982.930419921875;1113.98779296875;982.930419921875;0.0;0.0;0.5619;1094.3291870117187;-45.87008056640616
2014-05-09;982.930419921875;1048.4591064453125;982.930419921875;1048.4591064453125;1048.4591064453125;113;0.0;-241.06000000000012;982.930419921875;1048.4591064453125;982.930419921875;0.0;0.0;0.5135;1087.776318359375;-39.317211914062455
2014-05-12;1048.4591064453125;1048.4591064453125;982.930419921875;1048.4591064453125;1048.4591064453125;20;0.0;-241.06000000000012;982.930419921875;1048.4591064453125;1048.4591064453125;0.0;0.0;0.5135;1081.2234497070312;-32.76434326171875
2014-05-13;982.930419921875;1048.4591064453125;982.930419921875;1048.4591064453125;1048.4591064453125;42;0.0;-241.06000000000012;982.930419921875;1048.4591064453125;982.930419921875;0.0;0.0;0.4782;1077.9470153808593;-29.487908935546784
2014-05-14;1048.4591064453125;1048.4591064453125;982.930419921875;1048.4591064453125;1048.4591064453125;69;0.0;-241.06000000000012;982.930419921875;1048.4591064453125;1048.4591064453125;0.0;0.0;0.42;1071.3941467285156;-22.93504028320308
2014-05-15;1048.4591064453125;1048.4591064453125;982.930419921875;1048.4591064453125;1048.4591064453125;42;0.0;-241.06000000000012;982.930419921875;1048.4591064453125;1048.4591064453125;0.0;0.0;0.3763;1068.1177124023438;-19.65860595703134
2014-05-16;982.930419921875;1048.4591064453125;982.930419921875;1048.4591064453125;1048.4591064453125;51;0.0;-241.06000000000012;982.930419921875;1048.4591064453125;982.930419921875;0.0;-0.062499992723231146;0.3126;1068.1177124023438;-19.65860595703134
2014-05-19;1048.4591064453125;1048.4591064453125;982.930419921875;982.930419921875;982.930419921875;153;-6.25;-247.31000000000012;982.930419921875;1048.4591064453125;1048.4591064453125;-0.062499992723231146;-0.06666665838732089;0.3837;1064.8412780761719;-81.91085815429688
2014-05-20;982.930419921875;982.930419921875;851.873046875;917.4017333984375;917.4017333984375;820;-6.67;-253.9800000000001;851.873046875;982.930419921875;982.930419921875;-0.06666665838732089;0.0;0.365;1055.0119750976562;-137.6102416992187
2014-05-21;917.4017333984375;982.930419921875;851.873046875;917.4017333984375;917.4017333984375;108;0.0;-253.9800000000001;851.873046875;982.930419921875;917.4017333984375;0.0;0.0;0.365;1045.1826721191405;-127.78093872070303
2014-05-22;917.4017333984375;982.930419921875;851.873046875;917.4017333984375;917.4017333984375;215;0.0;-253.9800000000001;851.873046875;982.930419921875;917.4017333984375;0.0;0.0;0.365;1035.353369140625;-117.95163574218759
2014-05-23;917.4017333984375;917.4017333984375;851.873046875;917.4017333984375;917.4017333984375;16;0.0;-253.9800000000001;851.873046875;917.4017333984375;917.4017333984375;0.0;-0.07142856192422042;0.365;1025.5240661621094;-108.12233276367192
2014-05-26;851.873046875;851.873046875;851.873046875;851.873046875;851.873046875;43;-7.14;-261.1200000000001;851.873046875;851.873046875;851.873046875;-0.07142856192422042;0.0;0.4239;1012.4183288574219;-160.5452819824219
2014-05-27;917.4017333984375;917.4017333984375;786.3443603515625;851.873046875;851.873046875;484;0.0;-261.1200000000001;786.3443603515625;917.4017333984375;917.4017333984375;0.0;0.07692306590027953;0.4239;999.3125915527344;-147.43954467773438
2014-05-28;851.873046875;917.4017333984375;786.3443603515625;917.4017333984375;917.4017333984375;428;7.69;-253.43000000000012;786.3443603515625;917.4017333984375;851.873046875;0.07692306590027953;-0.07142856192422042;0.4968;992.7597229003907;-75.35798950195317
2014-05-29;917.4017333984375;917.4017333984375;851.873046875;851.873046875;851.873046875;13;-7.14;-260.5700000000001;851.873046875;917.4017333984375;917.4017333984375;-0.07142856192422042;0.0;0.5471;982.930419921875;-131.057373046875
2014-05-30;851.873046875;917.4017333984375;851.873046875;851.873046875;851.873046875;87;0.0;-260.5700000000001;851.873046875;917.4017333984375;851.873046875;0.0;0.0;0.5471;973.1011169433593;-121.22807006835933
2014-06-02;851.873046875;851.873046875;851.873046875;851.873046875;851.873046875;118;0.0;-260.5700000000001;851.873046875;851.873046875;851.873046875;0.0;0.0;0.5471;963.2718139648438;-111.39876708984377
2014-06-03;851.873046875;851.873046875;786.3443603515625;851.873046875;851.873046875;28;0.0;-260.5700000000001;786.3443603515625;851.873046875;851.873046875;0.0;0.0;0.5471;953.4425109863281;-101.5694641113281
2014-06-04;851.873046875;917.4017333984375;786.3443603515625;851.873046875;851.873046875;19;0.0;-260.5700000000001;786.3443603515625;917.4017333984375;851.873046875;0.0;0.0;0.5471;943.6132080078125;-91.74016113281255
2014-06-05;851.873046875;851.873046875;786.3443603515625;851.873046875;851.873046875;10;0.0;-260.5700000000001;786.3443603515625;851.873046875;851.873046875;0.0;0.07692306590027953;0.5471;933.7839050292969;-81.91085815429688
2014-06-06;851.873046875;917.4017333984375;851.873046875;917.4017333984375;917.4017333984375;76;7.69;-252.8800000000001;851.873046875;917.4017333984375;851.873046875;0.07692306590027953;0.0;0.6275;927.2310363769532;-9.82930297851567
2014-06-09;851.873046875;917.4017333984375;851.873046875;917.4017333984375;917.4017333984375;6;0.0;-252.8800000000001;851.873046875;917.4017333984375;851.873046875;0.0;-0.07142856192422042;0.6275;920.6781677246094;-3.2764343261718523
2014-06-10;917.4017333984375;982.930419921875;851.873046875;851.873046875;851.873046875;539;-7.14;-260.0200000000001;851.873046875;982.930419921875;917.4017333984375;-0.07142856192422042;0.07692306590027953;0.6685;910.8488647460938;-58.975817871093795
2014-06-11;917.4017333984375;917.4017333984375;851.873046875;917.4017333984375;917.4017333984375;124;7.69;-252.3300000000001;851.873046875;917.4017333984375;917.4017333984375;0.07692306590027953;0.07142856192422053;0.7354;904.29599609375;13.105737304687523
2014-06-13;917.4017333984375;982.930419921875;851.873046875;982.930419921875;982.930419921875;322;7.14;-245.1900000000001;851.873046875;982.930419921875;917.4017333984375;0.07142856192422053;-0.06666665838732089;0.7847;901.0195617675781;81.91085815429688
2014-06-16;982.930419921875;982.930419921875;851.873046875;917.4017333984375;917.4017333984375;260;-6.67;-251.8600000000001;851.873046875;982.930419921875;982.930419921875;-0.06666665838732089;-0.07142856192422042;0.8174;894.4666931152344;22.93504028320308
2014-06-17;851.873046875;917.4017333984375;851.873046875;851.873046875;851.873046875;34;-7.14;-259.0000000000001;851.873046875;917.4017333984375;851.873046875;-0.07142856192422042;0.0;0.8262;887.9138244628906;-36.0407775878906
2014-06-18;851.873046875;917.4017333984375;786.3443603515625;851.873046875;851.873046875;369;0.0;-259.0000000000001;786.3443603515625;917.4017333984375;851.873046875;0.0;0.0;0.7944;884.6373901367188;-32.76434326171875
2014-06-20;851.873046875;917.4017333984375;851.873046875;851.873046875;851.873046875;61;0.0;-259.0000000000001;851.873046875;917.4017333984375;851.873046875;0.0;0.0;0.7944;881.3609558105469;-29.487908935546898
2014-06-23;917.4017333984375;917.4017333984375;786.3443603515625;851.873046875;851.873046875;195;0.0;-259.0000000000001;786.3443603515625;917.4017333984375;917.4017333984375;0.0;0.0;0.7944;878.084521484375;-26.211474609375045
2014-06-24;851.873046875;851.873046875;786.3443603515625;851.873046875;851.873046875;79;0.0;-259.0000000000001;786.3443603515625;851.873046875;851.873046875;0.0;0.07692306590027953;0.7944;874.8080871582031;-22.93504028320308
2014-06-25;851.873046875;917.4017333984375;786.3443603515625;917.4017333984375;917.4017333984375;165;7.69;-251.31000000000012;786.3443603515625;917.4017333984375;851.873046875;0.07692306590027953;-0.07142856192422042;0.7982;878.084521484375;39.317211914062455
2014-06-26;917.4017333984375;917.4017333984375;851.873046875;851.873046875;851.873046875;49;-7.14;-258.4500000000001;851.873046875;917.4017333984375;917.4017333984375;-0.07142856192422042;0.0;0.8431;878.084521484375;-26.211474609375045
2014-06-27;917.4017333984375;917.4017333984375;851.873046875;851.873046875;851.873046875;207;0.0;-258.4500000000001;851.873046875;917.4017333984375;917.4017333984375;0.0;0.0;0.7944;874.8080871582031;-22.93504028320308
2014-06-30;851.873046875;917.4017333984375;851.873046875;851.873046875;851.873046875;75;0.0;-258.4500000000001;851.873046875;917.4017333984375;851.873046875;0.0;0.07692306590027953;0.7515;874.8080871582031;-22.93504028320308
2014-07-01;982.930419921875;1048.4591064453125;917.4017333984375;917.4017333984375;917.4017333984375;1463;7.69;-250.7600000000001;917.4017333984375;1048.4591064453125;982.930419921875;0.07692306590027953;0.07142856192422053;0.7982;878.084521484375;39.317211914062455
2014-07-02;982.930419921875;982.930419921875;917.4017333984375;982.930419921875;982.930419921875;249;7.14;-243.62000000000012;917.4017333984375;982.930419921875;982.930419921875;0.07142856192422053;0.0;0.8319;884.6373901367188;98.29302978515625
2014-07-03;982.930419921875;1048.4591064453125;917.4017333984375;982.930419921875;982.930419921875;239;0.0;-243.62000000000012;917.4017333984375;1048.4591064453125;982.930419921875;0.0;0.06666665838732078;0.8319;891.1902587890625;91.74016113281255
2014-07-04;982.930419921875;1048.4591064453125;917.4017333984375;1048.4591064453125;1048.4591064453125;146;6.67;-236.95000000000013;917.4017333984375;1048.4591064453125;982.930419921875;0.06666665838732078;-0.062499992723231146;0.8562;901.0195617675781;147.43954467773438
2014-07-07;1048.4591064453125;1048.4591064453125;917.4017333984375;982.930419921875;982.930419921875;316;-6.25;-243.20000000000013;917.4017333984375;1048.4591064453125;1048.4591064453125;-0.062499992723231146;-0.06666665838732089;0.8955;907.5724304199218;75.35798950195317
2014-07-08;917.4017333984375;982.930419921875;917.4017333984375;917.4017333984375;917.4017333984375;147;-6.67;-249.87000000000012;917.4017333984375;982.930419921875;917.4017333984375;-0.06666665838732089;0.0;0.8955;907.5724304199218;9.82930297851567
2014-07-10;917.4017333984375;982.930419921875;851.873046875;917.4017333984375;917.4017333984375;211;0.0;-249.87000000000012;851.873046875;982.930419921875;917.4017333984375;0.0;0.0;0.8955;907.5724304199218;9.82930297851567
2014-07-11;982.930419921875;982.930419921875;917.4017333984375;917.4017333984375;917.4017333984375;104;0.0;-249.87000000000012;917.4017333984375;982.930419921875;982.930419921875;0.0;-0.07142856192422042;0.8532;910.8488647460938;6.5528686523437045
2014-07-14;917.4017333984375;982.930419921875;851.873046875;851.873046875;851.873046875;233;-7.14;-257.0100000000001;851.873046875;982.930419921875;917.4017333984375;-0.07142856192422042;0.07692306590027953;0.85;907.5724304199218;-55.69938354492183
2014-07-15;917.4017333984375;917.4017333984375;851.873046875;917.4017333984375;917.4017333984375;48;7.69;-249.3200000000001;851.873046875;917.4017333984375;917.4017333984375;0.07692306590027953;0.0;0.8565;904.29599609375;13.105737304687523
2014-07-16;917.4017333984375;982.930419921875;851.873046875;917.4017333984375;917.4017333984375;200;0.0;-249.3200000000001;851.873046875;982.930419921875;917.4017333984375;0.0;0.0;0.8218;904.29599609375;13.105737304687523
2014-07-17;917.4017333984375;982.930419921875;851.873046875;917.4017333984375;917.4017333984375;129;0.0;-249.3200000000001;851.873046875;982.930419921875;917.4017333984375;0.0;0.0;0.7758;907.5724304199218;9.82930297851567
2014-07-18;917.4017333984375;982.930419921875;851.873046875;917.4017333984375;917.4017333984375;110;0.0;-249.3200000000001;851.873046875;982.930419921875;917.4017333984375;0.0;0.07142856192422053;0.7758;910.8488647460938;6.5528686523437045
2014-07-21;982.930419921875;982.930419921875;982.930419921875;982.930419921875;982.930419921875;99;7.14;-242.18000000000012;982.930419921875;982.930419921875;982.930419921875;0.07142856192422053;-0.06666665838732089;0.8106;917.4017333984375;65.5286865234375
2014-07-22;982.930419921875;982.930419921875;917.4017333984375;917.4017333984375;917.4017333984375;179;-6.67;-248.8500000000001;917.4017333984375;982.930419921875;982.930419921875;-0.06666665838732089;0.0;0.8532;920.6781677246094;-3.2764343261718523
2014-07-23;982.930419921875;982.930419921875;851.873046875;917.4017333984375;917.4017333984375;184;0.0;-248.8500000000001;851.873046875;982.930419921875;982.930419921875;0.0;0.0;0.8532;923.9546020507812;-6.5528686523437045
2014-07-24;917.4017333984375;982.930419921875;851.873046875;917.4017333984375;917.4017333984375;491;0.0;-248.8500000000001;851.873046875;982.930419921875;917.4017333984375;0.0;0.07142856192422053;0.8099;923.9546020507812;-6.5528686523437045
2014-07-25;917.4017333984375;982.930419921875;917.4017333984375;982.930419921875;982.930419921875;100;7.14;-241.71000000000012;917.4017333984375;982.930419921875;917.4017333984375;0.07142856192422053;-0.06666665838732089;0.7985;930.507470703125;52.42294921874998
2014-07-28;982.930419921875;982.930419921875;917.4017333984375;917.4017333984375;917.4017333984375;440;-6.67;-248.3800000000001;917.4017333984375;982.930419921875;982.930419921875;-0.06666665838732089;0.0;0.8417;933.7839050292969;-16.382171630859375
2014-07-29;982.930419921875;982.930419921875;851.873046875;917.4017333984375;917.4017333984375;389;0.0;-248.3800000000001;851.873046875;982.930419921875;982.930419921875;0.0;0.0;0.8417;937.0603393554687;-19.658605957031227
2014-07-30;917.4017333984375;982.930419921875;851.873046875;917.4017333984375;917.4017333984375;190;0.0;-248.3800000000001;851.873046875;982.930419921875;917.4017333984375;0.0;0.0;0.7977;937.0603393554687;-19.658605957031227
2014-07-31;917.4017333984375;982.930419921875;851.873046875;917.4017333984375;917.4017333984375;392;0.0;-248.3800000000001;851.873046875;982.930419921875;917.4017333984375;0.0;0.0;0.7534;933.7839050292969;-16.382171630859375
2014-08-01;917.4017333984375;982.930419921875;917.4017333984375;917.4017333984375;917.4017333984375;423;0.0;-248.3800000000001;917.4017333984375;982.930419921875;917.4017333984375;0.0;0.0;0.7534;930.507470703125;-13.105737304687523
2014-08-04;917.4017333984375;982.930419921875;851.873046875;917.4017333984375;917.4017333984375;645;0.0;-248.3800000000001;851.873046875;982.930419921875;917.4017333984375;0.0;-0.07142856192422042;0.7082;923.9546020507812;-6.5528686523437045
2014-08-05;917.4017333984375;982.930419921875;851.873046875;851.873046875;851.873046875;249;-7.14;-255.5200000000001;851.873046875;982.930419921875;917.4017333984375;-0.07142856192422042;0.15384613180055906;0.7183;917.4017333984375;-65.5286865234375
2014-08-06;917.4017333984375;982.930419921875;851.873046875;982.930419921875;982.930419921875;148;15.38;-240.1400000000001;851.873046875;982.930419921875;917.4017333984375;0.15384613180055906;0.19999997516196255;0.8802;920.6781677246094;62.25225219726565
2014-08-07;982.930419921875;1245.045166015625;917.4017333984375;1179.5164794921875;1179.5164794921875;3275;20.0;-220.1400000000001;917.4017333984375;1245.045166015625;982.930419921875;0.19999997516196255;0.05555554980600985;1.1193;933.7839050292969;245.73257446289062
2014-08-08;1245.045166015625;1310.5738525390625;1113.98779296875;1245.045166015625;1245.045166015625;2078;5.56;-214.5800000000001;1113.98779296875;1310.5738525390625;1245.045166015625;0.05555554980600985;0.10526324561910938;1.1269;950.1660766601562;294.87908935546875
2014-08-11;1310.5738525390625;1507.1600341796875;1245.045166015625;1376.1026611328125;1376.1026611328125;3131;10.53;-204.0500000000001;1245.045166015625;1507.1600341796875;1310.5738525390625;0.10526324561910938;-0.047619127878007594;1.1161;976.3775573730469;399.7251037597656
2014-08-12;1441.63134765625;1572.688720703125;1245.045166015625;1310.5738525390625;1310.5738525390625;2725;-4.76;-208.8100000000001;1245.045166015625;1572.688720703125;1441.63134765625;-0.047619127878007594;0.05000008848551096;1.1289;996.0361633300781;314.5376892089844
2014-08-13;1376.1026611328125;1507.1600341796875;1310.5738525390625;1376.1026611328125;1376.1026611328125;2297;5.0;-203.8100000000001;1310.5738525390625;1507.1600341796875;1376.1026611328125;0.05000008848551096;0.0;1.131;1018.9712097167969;357.1314514160156
2014-08-14;1376.1026611328125;1441.63134765625;1310.5738525390625;1376.1026611328125;1376.1026611328125;592;0.0;-203.8100000000001;1310.5738525390625;1441.63134765625;1376.1026611328125;0.0;-0.2857143237316878;1.131;1041.9062561035157;334.1964050292968
2014-08-15;1179.5164794921875;1179.5164794921875;917.4017333984375;982.930419921875;982.930419921875;2921;-28.57;-232.38000000000008;917.4017333984375;1179.5164794921875;1179.5164794921875;-0.2857143237316878;-0.06666665838732089;1.5748;1045.1826904296875;-62.252270507812455
2014-08-18;1048.4591064453125;1048.4591064453125;851.873046875;917.4017333984375;917.4017333984375;1918;-6.67;-239.05000000000007;851.873046875;1048.4591064453125;1048.4591064453125;-0.06666665838732089;0.14285712384844085;1.5779;1041.9062561035157;-124.50452270507822
2014-08-19;917.4017333984375;1048.4591064453125;917.4017333984375;1048.4591064453125;1048.4591064453125;1027;14.29;-224.76000000000008;917.4017333984375;1048.4591064453125;917.4017333984375;0.14285712384844085;0.0;1.6321;1048.4591247558594;-1.8310546920474735e-05
2014-08-20;1048.4591064453125;1113.98779296875;982.930419921875;1048.4591064453125;1048.4591064453125;718;0.0;-224.76000000000008;982.930419921875;1113.98779296875;1048.4591064453125;0.0;-0.062499992723231146;1.6321;1055.0119934082031;-6.552886962890625
2014-08-21;1048.4591064453125;1048.4591064453125;982.930419921875;982.930419921875;982.930419921875;180;-6.25;-231.01000000000008;982.930419921875;1048.4591064453125;1048.4591064453125;-0.062499992723231146;0.0;1.6532;1058.288427734375;-75.35800781250009
2014-08-22;982.930419921875;1048.4591064453125;982.930419921875;982.930419921875;982.930419921875;421;0.0;-231.01000000000008;982.930419921875;1048.4591064453125;982.930419921875;0.0;0.0;1.6367;1058.288427734375;-75.35800781250009
2014-08-25;1048.4591064453125;1048.4591064453125;917.4017333984375;982.930419921875;982.930419921875;762;0.0;-231.01000000000008;917.4017333984375;1048.4591064453125;1048.4591064453125;0.0;-0.06666665838732089;1.6147;1061.5648620605468;-78.63444213867183
2014-08-26;982.930419921875;982.930419921875;917.4017333984375;917.4017333984375;917.4017333984375;263;-6.67;-237.68000000000006;917.4017333984375;982.930419921875;982.930419921875;-0.06666665838732089;0.0;1.6367;1061.5648620605468;-144.16312866210933
2014-08-27;917.4017333984375;982.930419921875;851.873046875;917.4017333984375;917.4017333984375;1243;0.0;-237.68000000000006;851.873046875;982.930419921875;917.4017333984375;0.0;-0.07142856192422042;1.6367;1061.5648620605468;-144.16312866210933
2014-08-28;917.4017333984375;982.930419921875;851.873046875;851.873046875;851.873046875;564;-7.14;-244.82000000000005;851.873046875;982.930419921875;917.4017333984375;-0.07142856192422042;0.0;1.6593;1058.288427734375;-206.4153808593751
2014-08-29;917.4017333984375;917.4017333984375;851.873046875;851.873046875;851.873046875;364;0.0;-244.82000000000005;851.873046875;917.4017333984375;917.4017333984375;0.0;0.0;1.6593;1055.0119934082031;-203.13894653320312
2014-09-01;917.4017333984375;917.4017333984375;851.873046875;851.873046875;851.873046875;173;0.0;-244.82000000000005;851.873046875;917.4017333984375;917.4017333984375;0.0;0.07692306590027953;1.6593;1051.7355590820312;-199.86251220703116
2014-09-02;851.873046875;917.4017333984375;851.873046875;917.4017333984375;917.4017333984375;173;7.69;-237.13000000000005;851.873046875;917.4017333984375;851.873046875;0.07692306590027953;-0.07142856192422042;1.656;1055.0119934082031;-137.61026000976562
2014-09-03;917.4017333984375;917.4017333984375;851.873046875;851.873046875;851.873046875;629;-7.14;-244.27000000000004;851.873046875;917.4017333984375;917.4017333984375;-0.07142856192422042;0.0;1.5866;1048.4591247558594;-196.58607788085942
2014-09-04;851.873046875;917.4017333984375;786.3443603515625;851.873046875;851.873046875;953;0.0;-244.27000000000004;786.3443603515625;917.4017333984375;851.873046875;0.0;0.0;1.3962;1032.076953125;-180.20390625000005
2014-09-05;851.873046875;917.4017333984375;786.3443603515625;851.873046875;851.873046875;55;0.0;-244.27000000000004;786.3443603515625;917.4017333984375;851.873046875;0.0;0.0;1.3743;1012.4183471679687;-160.5453002929687
2014-09-08;851.873046875;917.4017333984375;851.873046875;851.873046875;851.873046875;167;0.0;-244.27000000000004;851.873046875;917.4017333984375;851.873046875;0.0;0.0;1.3011;986.2068664550782;-134.33381958007817
2014-09-09;851.873046875;917.4017333984375;786.3443603515625;851.873046875;851.873046875;210;0.0;-244.27000000000004;786.3443603515625;917.4017333984375;851.873046875;0.0;0.0;1.2987;963.271826171875;-111.39877929687498
2014-09-10;851.873046875;851.873046875;786.3443603515625;851.873046875;851.873046875;103;0.0;-244.27000000000004;786.3443603515625;851.873046875;851.873046875;0.0;0.07692306590027953;1.2761;937.0603454589843;-85.18729858398433
2014-09-11;851.873046875;917.4017333984375;786.3443603515625;917.4017333984375;917.4017333984375;149;7.69;-236.58000000000004;786.3443603515625;917.4017333984375;851.873046875;0.07692306590027953;-0.07142856192422042;1.3207;914.1252990722656;3.2764343261718523
2014-09-12;851.873046875;917.4017333984375;786.3443603515625;851.873046875;851.873046875;114;-7.14;-243.72000000000003;786.3443603515625;917.4017333984375;851.873046875;-0.07142856192422042;0.0;0.8898;907.5724304199218;-55.69938354492183
2014-09-15;851.873046875;917.4017333984375;851.873046875;851.873046875;851.873046875;124;0.0;-243.72000000000003;851.873046875;917.4017333984375;851.873046875;0.0;0.0;0.8602;904.29599609375;-52.42294921874998
2014-09-16;851.873046875;917.4017333984375;851.873046875;851.873046875;851.873046875;110;0.0;-243.72000000000003;851.873046875;917.4017333984375;851.873046875;0.0;0.07692306590027953;0.6685;894.4666931152344;-42.59364624023442
2014-09-17;851.873046875;917.4017333984375;786.3443603515625;917.4017333984375;917.4017333984375;54;7.69;-236.03000000000003;786.3443603515625;917.4017333984375;851.873046875;0.07692306590027953;0.0;0.7354;887.9138244628906;29.487908935546898
2014-09-18;851.873046875;917.4017333984375;786.3443603515625;917.4017333984375;917.4017333984375;32;0.0;-236.03000000000003;786.3443603515625;917.4017333984375;851.873046875;0.0;-0.07142856192422042;0.7041;884.6373901367188;32.76434326171875
2014-09-19;851.873046875;851.873046875;851.873046875;851.873046875;851.873046875;30;-7.14;-243.17000000000002;851.873046875;851.873046875;851.873046875;-0.07142856192422042;0.0;0.7452;878.084521484375;-26.211474609375045
2014-09-22;851.873046875;917.4017333984375;786.3443603515625;851.873046875;851.873046875;200;0.0;-243.17000000000002;786.3443603515625;917.4017333984375;851.873046875;0.0;0.0;0.7452;871.5316528320312;-19.658605957031227
2014-09-23;851.873046875;851.873046875;786.3443603515625;851.873046875;851.873046875;44;0.0;-243.17000000000002;786.3443603515625;851.873046875;851.873046875;0.0;0.07692306590027953;0.71;868.2552185058594;-16.382171630859375
2014-09-24;851.873046875;917.4017333984375;786.3443603515625;917.4017333984375;917.4017333984375;242;7.69;-235.48000000000002;786.3443603515625;917.4017333984375;851.873046875;0.07692306590027953;-0.07142856192422042;0.7644;868.2552185058594;49.146514892578125
2014-09-25;851.873046875;917.4017333984375;851.873046875;851.873046875;851.873046875;39;-7.14;-242.62;851.873046875;917.4017333984375;851.873046875;-0.07142856192422042;0.07692306590027953;0.7644;868.2552185058594;-16.382171630859375
2014-09-26;851.873046875;917.4017333984375;851.873046875;917.4017333984375;917.4017333984375;42;7.69;-234.93;851.873046875;917.4017333984375;851.873046875;0.07692306590027953;-0.07142856192422042;0.8103;871.5316528320312;45.87008056640627
2014-09-29;851.873046875;917.4017333984375;786.3443603515625;851.873046875;851.873046875;489;-7.14;-242.07;786.3443603515625;917.4017333984375;851.873046875;-0.07142856192422042;0.0;0.8545;871.5316528320312;-19.658605957031227
2014-09-30;851.873046875;851.873046875;786.3443603515625;851.873046875;851.873046875;245;0.0;-242.07;786.3443603515625;851.873046875;851.873046875;0.0;-0.07692306590027953;0.8066;868.2552185058594;-16.382171630859375
2014-10-01;851.873046875;851.873046875;786.3443603515625;786.3443603515625;786.3443603515625;426;-7.69;-249.76;786.3443603515625;851.873046875;851.873046875;-0.07692306590027953;0.0;0.8131;864.9787841796875;-78.63442382812502
2014-10-02;786.3443603515625;851.873046875;720.815673828125;786.3443603515625;786.3443603515625;120;0.0;-249.76;720.815673828125;851.873046875;786.3443603515625;0.0;0.0;0.8131;861.7023498535157;-75.35798950195317
2014-10-03;851.873046875;851.873046875;786.3443603515625;786.3443603515625;786.3443603515625;96;0.0;-249.76;786.3443603515625;851.873046875;851.873046875;0.0;0.08333332039685604;0.8131;858.4259155273437;-72.0815551757812
2014-10-06;786.3443603515625;851.873046875;720.815673828125;851.873046875;851.873046875;64;8.33;-241.42999999999998;720.815673828125;851.873046875;786.3443603515625;0.08333332039685604;-0.07692306590027953;0.8687;858.4259155273437;-6.5528686523437045
2014-10-07;786.3443603515625;851.873046875;786.3443603515625;786.3443603515625;786.3443603515625;55;-7.69;-249.11999999999998;786.3443603515625;851.873046875;786.3443603515625;-0.07692306590027953;0.0;0.9122;855.1494812011719;-68.80512084960935
2014-10-08;851.873046875;851.873046875;720.815673828125;786.3443603515625;786.3443603515625;126;0.0;-249.11999999999998;720.815673828125;851.873046875;851.873046875;0.0;0.0;0.9122;851.873046875;-65.5286865234375
2014-10-09;786.3443603515625;786.3443603515625;720.815673828125;786.3443603515625;786.3443603515625;73;0.0;-249.11999999999998;720.815673828125;786.3443603515625;786.3443603515625;0.0;-0.08333332039685593;0.863;845.3201782226563;-58.975817871093795
2014-10-10;786.3443603515625;786.3443603515625;720.815673828125;720.815673828125;720.815673828125;39;-8.33;-257.45;720.815673828125;786.3443603515625;786.3443603515625;-0.08333332039685593;0.09090907551361394;0.8758;838.7673095703125;-117.95163574218748
2014-10-13;720.815673828125;786.3443603515625;720.815673828125;786.3443603515625;786.3443603515625;64;9.09;-248.35999999999999;720.815673828125;786.3443603515625;720.815673828125;0.09090907551361394;-0.08333332039685593;0.9422;835.4908752441406;-49.146514892578125
2014-10-14;720.815673828125;786.3443603515625;720.815673828125;720.815673828125;720.815673828125;48;-8.33;-256.69;720.815673828125;786.3443603515625;720.815673828125;-0.08333332039685593;0.0;0.985;828.9380065917969;-108.12233276367192
2014-10-15;786.3443603515625;786.3443603515625;655.2869262695312;720.815673828125;720.815673828125;473;0.0;-256.69;655.2869262695312;786.3443603515625;786.3443603515625;0.0;0.0;0.9352;819.1087036132812;-98.29302978515625
2014-10-16;720.815673828125;720.815673828125;655.2869262695312;720.815673828125;720.815673828125;162;0.0;-256.69;655.2869262695312;720.815673828125;720.815673828125;0.0;0.09090907551361394;0.9352;809.2794006347656;-88.46372680664058
2014-10-17;720.815673828125;786.3443603515625;655.2869262695312;786.3443603515625;786.3443603515625;216;9.09;-247.6;655.2869262695312;786.3443603515625;720.815673828125;0.09090907551361394;-0.1666667184125763;0.9713;806.0029663085937;-19.658605957031227
2014-10-20;655.2869262695312;655.2869262695312;655.2869262695312;655.2869262695312;655.2869262695312;121;-16.67;-264.27;655.2869262695312;655.2869262695312;655.2869262695312;-0.1666667184125763;0.0;1.133;796.1736602783203;-140.88673400878906
2014-10-21;655.2869262695312;655.2869262695312;655.2869262695312;655.2869262695312;655.2869262695312;152;0.0;-264.27;655.2869262695312;655.2869262695312;655.2869262695312;0.0;0.0;1.133;786.3443542480469;-131.05742797851565
2014-10-22;720.815673828125;720.815673828125;589.7582397460938;655.2869262695312;655.2869262695312;68;0.0;-264.27;589.7582397460938;720.815673828125;720.815673828125;0.0;0.10000008382837877;1.0862;773.2386138916015;-117.95168762207027
2014-10-23;655.2869262695312;720.815673828125;589.7582397460938;720.815673828125;720.815673828125;109;10.0;-254.26999999999998;589.7582397460938;720.815673828125;655.2869262695312;0.10000008382837877;0.0;1.1361;766.6857452392578;-45.87007141113281
2014-10-24;655.2869262695312;786.3443603515625;655.2869262695312;720.815673828125;720.815673828125;167;0.0;-254.26999999999998;655.2869262695312;786.3443603515625;655.2869262695312;0.0;-0.09090916018873751;1.0938;756.8564422607421;-36.04076843261714
2014-10-27;655.2869262695312;655.2869262695312;655.2869262695312;655.2869262695312;655.2869262695312;211;-9.09;-263.35999999999996;655.2869262695312;655.2869262695312;655.2869262695312;-0.09090916018873751;0.2000000745141144;1.1104;747.0271362304687;-91.74020996093748
2014-10-28;655.2869262695312;786.3443603515625;589.7582397460938;786.3443603515625;786.3443603515625;332;20.0;-243.35999999999996;589.7582397460938;786.3443603515625;655.2869262695312;0.2000000745141144;-0.08333332039685593;1.3392;743.7507019042969;42.593658447265625
2014-10-29;786.3443603515625;786.3443603515625;655.2869262695312;720.815673828125;720.815673828125;246;-8.33;-251.68999999999997;655.2869262695312;786.3443603515625;786.3443603515625;-0.08333332039685593;-0.09090916018873751;1.3443;740.474267578125;-19.658593750000023
2014-10-30;655.2869262695312;720.815673828125;655.2869262695312;655.2869262695312;655.2869262695312;72;-9.09;-260.78;655.2869262695312;720.815673828125;655.2869262695312;-0.09090916018873751;0.10000008382837877;1.3816;733.9213958740235;-78.63446960449221
2014-10-31;720.815673828125;786.3443603515625;655.2869262695312;720.815673828125;720.815673828125;311;10.0;-250.77999999999997;655.2869262695312;786.3443603515625;720.815673828125;0.10000008382837877;0.09090907551361394;1.4316;730.6449615478516;-9.829287719726608
2014-11-03;720.815673828125;786.3443603515625;720.815673828125;786.3443603515625;786.3443603515625;28;9.09;-241.68999999999997;720.815673828125;786.3443603515625;720.815673828125;0.09090907551361394;0.0;1.4377;727.3685272216796;58.97583312988286
2014-11-04;720.815673828125;786.3443603515625;720.815673828125;786.3443603515625;786.3443603515625;66;0.0;-241.68999999999997;720.815673828125;786.3443603515625;720.815673828125;0.0;0.0;1.4089;727.3685272216796;58.97583312988286
2014-11-05;786.3443603515625;786.3443603515625;720.815673828125;786.3443603515625;786.3443603515625;133;0.0;-241.68999999999997;720.815673828125;786.3443603515625;786.3443603515625;0.0;0.0;1.4089;727.3685272216796;58.97583312988286
2014-11-06;720.815673828125;786.3443603515625;720.815673828125;786.3443603515625;786.3443603515625;44;0.0;-241.68999999999997;720.815673828125;786.3443603515625;720.815673828125;0.0;0.0;1.4089;727.3685272216796;58.97583312988286
2014-11-07;720.815673828125;786.3443603515625;655.2869262695312;786.3443603515625;786.3443603515625;57;0.0;-241.68999999999997;655.2869262695312;786.3443603515625;720.815673828125;0.0;-0.08333332039685593;1.3711;730.6449615478516;55.69939880371089
2014-11-10;720.815673828125;786.3443603515625;655.2869262695312;720.815673828125;720.815673828125;91;-8.33;-250.01999999999998;655.2869262695312;786.3443603515625;720.815673828125;-0.08333332039685593;0.0;1.3707;727.3685272216796;-6.552853393554642
2014-11-11;720.815673828125;786.3443603515625;655.2869262695312;720.815673828125;720.815673828125;78;0.0;-250.01999999999998;655.2869262695312;786.3443603515625;720.815673828125;0.0;0.0;1.3356;727.3685272216796;-6.552853393554642
2014-11-12;720.815673828125;786.3443603515625;655.2869262695312;720.815673828125;720.815673828125;54;0.0;-250.01999999999998;655.2869262695312;786.3443603515625;720.815673828125;0.0;-0.09090916018873751;1.3356;727.3685272216796;-6.552853393554642
2014-11-13;655.2869262695312;720.815673828125;655.2869262695312;655.2869262695312;655.2869262695312;12;-9.09;-259.10999999999996;655.2869262695312;720.815673828125;655.2869262695312;-0.09090916018873751;0.2000000745141144;1.377;724.09208984375;-68.8051635742188
2014-11-14;655.2869262695312;786.3443603515625;655.2869262695312;786.3443603515625;786.3443603515625;187;20.0;-239.10999999999996;655.2869262695312;786.3443603515625;655.2869262695312;0.2000000745141144;-0.08333332039685593;1.5207;724.09208984375;62.252270507812455
2014-11-17;720.815673828125;786.3443603515625;655.2869262695312;720.815673828125;720.815673828125;112;-8.33;-247.43999999999997;655.2869262695312;786.3443603515625;720.815673828125;-0.08333332039685593;-0.09090916018873751;1.4221;727.3685272216796;-6.552853393554642
2014-11-18;720.815673828125;720.815673828125;655.2869262695312;655.2869262695312;655.2869262695312;28;-9.09;-256.53;655.2869262695312;720.815673828125;720.815673828125;-0.09090916018873751;0.0;1.4652;727.3685272216796;-72.08160095214839
2014-11-19;655.2869262695312;720.815673828125;589.7582397460938;655.2869262695312;655.2869262695312;479;0.0;-256.53;589.7582397460938;720.815673828125;655.2869262695312;0.0;0.0;1.4652;727.3685272216796;-72.08160095214839
2014-11-21;655.2869262695312;720.815673828125;589.7582397460938;655.2869262695312;655.2869262695312;88;0.0;-256.53;589.7582397460938;720.815673828125;655.2869262695312;0.0;0.0;1.4205;724.09208984375;-68.8051635742188
2014-11-24;720.815673828125;720.815673828125;589.7582397460938;655.2869262695312;655.2869262695312;182;0.0;-256.53;589.7582397460938;720.815673828125;720.815673828125;0.0;-0.09999999068573573;1.4205;720.8156524658203;-65.52872619628909
2014-11-25;655.2869262695312;655.2869262695312;589.7582397460938;589.7582397460938;589.7582397460938;175;-10.0;-266.53;589.7582397460938;655.2869262695312;655.2869262695312;-0.09999999068573573;0.11111109961201948;1.4284;717.5392181396485;-127.78097839355473
2014-11-26;655.2869262695312;720.815673828125;589.7582397460938;655.2869262695312;655.2869262695312;466;11.11;-255.41999999999996;589.7582397460938;720.815673828125;655.2869262695312;0.11111109961201948;0.0;1.2902;710.9863464355469;-55.69942016601567
2014-11-27;720.815673828125;720.815673828125;589.7582397460938;655.2869262695312;655.2869262695312;31;0.0;-255.41999999999996;589.7582397460938;720.815673828125;720.815673828125;0.0;0.0;1.2575;707.7099090576172;-52.42298278808596
2014-11-28;655.2869262695312;720.815673828125;655.2869262695312;655.2869262695312;655.2869262695312;17;0.0;-255.41999999999996;655.2869262695312;720.815673828125;655.2869262695312;0.0;0.0;1.2127;707.7099090576172;-52.42298278808596
2014-12-01;720.815673828125;720.815673828125;655.2869262695312;655.2869262695312;655.2869262695312;5;0.0;-255.41999999999996;655.2869262695312;720.815673828125;720.815673828125;0.0;0.10000008382837877;1.1569;704.4334716796875;-49.14654541015625
2014-12-02;720.815673828125;786.3443603515625;655.2869262695312;720.815673828125;720.815673828125;58;10.0;-245.41999999999996;655.2869262695312;786.3443603515625;720.815673828125;0.10000008382837877;-0.09090916018873751;1.1671;701.1570373535156;19.658636474609352
2014-12-03;720.815673828125;786.3443603515625;655.2869262695312;655.2869262695312;655.2869262695312;162;-9.09;-254.50999999999996;655.2869262695312;786.3443603515625;720.815673828125;-0.09090916018873751;0.0;1.209;694.6041656494141;-39.317239379882835
2014-12-04;720.815673828125;720.815673828125;655.2869262695312;655.2869262695312;655.2869262695312;67;0.0;-254.50999999999996;655.2869262695312;720.815673828125;720.815673828125;0.0;0.0;1.209;688.0512939453125;-32.76436767578127
2014-12-05;655.2869262695312;720.815673828125;655.2869262695312;655.2869262695312;655.2869262695312;75;0.0;-254.50999999999996;655.2869262695312;720.815673828125;655.2869262695312;0.0;0.0;1.209;681.498422241211;-26.21149597167971
2014-12-08;655.2869262695312;720.815673828125;589.7582397460938;655.2869262695312;655.2869262695312;332;0.0;-254.50999999999996;589.7582397460938;720.815673828125;655.2869262695312;0.0;0.0;1.209;674.9455505371094;-19.658624267578148
2014-12-09;655.2869262695312;655.2869262695312;655.2869262695312;655.2869262695312;655.2869262695312;110;0.0;-254.50999999999996;655.2869262695312;655.2869262695312;655.2869262695312;0.0;0.0;1.1744;671.6691131591797;-16.382186889648438
2014-12-10;655.2869262695312;720.815673828125;589.7582397460938;655.2869262695312;655.2869262695312;107;0.0;-254.50999999999996;589.7582397460938;720.815673828125;655.2869262695312;0.0;0.0;1.1744;668.39267578125;-13.105749511718727
2014-12-11;655.2869262695312;720.815673828125;655.2869262695312;655.2869262695312;655.2869262695312;79;0.0;-254.50999999999996;655.2869262695312;720.815673828125;655.2869262695312;0.0;0.0;1.1744;665.1162384033203;-9.829312133789017
2014-12-12;720.815673828125;720.815673828125;655.2869262695312;655.2869262695312;655.2869262695312;58;0.0;-254.50999999999996;655.2869262695312;720.815673828125;720.815673828125;0.0;0.0;1.1267;665.1162384033203;-9.829312133789017
2014-12-15;655.2869262695312;720.815673828125;589.7582397460938;655.2869262695312;655.2869262695312;242;0.0;-254.50999999999996;589.7582397460938;720.815673828125;655.2869262695312;0.0;0.0;0.8512;658.5633666992187;-3.2764404296874545
2014-12-16;655.2869262695312;655.2869262695312;589.7582397460938;655.2869262695312;655.2869262695312;27;0.0;-254.50999999999996;589.7582397460938;655.2869262695312;655.2869262695312;0.0;0.10000008382837877;0.8031;655.2869293212891;-3.051757857974735e-06
2014-12-17;589.7582397460938;720.815673828125;589.7582397460938;720.815673828125;720.815673828125;73;10.0;-244.50999999999996;589.7582397460938;720.815673828125;589.7582397460938;0.10000008382837877;0.09090907551361394;0.8134;658.5633666992187;62.252307128906295
2014-12-18;655.2869262695312;786.3443603515625;655.2869262695312;786.3443603515625;786.3443603515625;581;9.09;-235.41999999999996;655.2869262695312;786.3443603515625;655.2869262695312;0.09090907551361394;-0.1666667184125763;0.8668;665.1162384033203;121.22812194824223
2014-12-19;786.3443603515625;786.3443603515625;655.2869262695312;655.2869262695312;655.2869262695312;185;-16.67;-252.08999999999997;655.2869262695312;786.3443603515625;786.3443603515625;-0.1666667184125763;0.0;1.0714;665.1162384033203;-9.829312133789017
2014-12-22;720.815673828125;720.815673828125;589.7582397460938;655.2869262695312;655.2869262695312;330;0.0;-252.08999999999997;589.7582397460938;720.815673828125;720.815673828125;0.0;0.10000008382837877;1.0714;665.1162384033203;-9.829312133789017
2014-12-23;655.2869262695312;720.815673828125;655.2869262695312;720.815673828125;720.815673828125;13;10.0;-242.08999999999997;655.2869262695312;720.815673828125;655.2869262695312;0.10000008382837877;-0.09090916018873751;1.0534;671.6691101074218;49.14656372070317
2014-12-26;655.2869262695312;720.815673828125;655.2869262695312;655.2869262695312;655.2869262695312;733;-9.09;-251.17999999999998;655.2869262695312;720.815673828125;655.2869262695312;-0.09090916018873751;0.0;1.0459;671.6691101074218;-16.38218383789058
2014-12-29;720.815673828125;720.815673828125;655.2869262695312;655.2869262695312;655.2869262695312;37;0.0;-251.17999999999998;655.2869262695312;720.815673828125;720.815673828125;0.0;0.0;1.0459;671.6691101074218;-16.38218383789058
2014-12-30;720.815673828125;720.815673828125;655.2869262695312;655.2869262695312;655.2869262695312;2;0.0;-251.17999999999998;655.2869262695312;720.815673828125;720.815673828125;0.0;0.0;1.0459;671.6691101074218;-16.38218383789058
2015-01-02;655.2869262695312;720.815673828125;655.2869262695312;655.2869262695312;655.2869262695312;6;0.0;-251.17999999999998;655.2869262695312;720.815673828125;655.2869262695312;0.0;-0.09999999068573573;1.0459;671.6691101074218;-16.38218383789058
2015-01-05;655.2869262695312;720.815673828125;589.7582397460938;589.7582397460938;589.7582397460938;123;-10.0;-261.17999999999995;589.7582397460938;720.815673828125;655.2869262695312;-0.09999999068573573;0.11111109961201948;1.0386;665.1162384033203;-75.35799865722652
2015-01-06;589.7582397460938;655.2869262695312;589.7582397460938;655.2869262695312;655.2869262695312;20;11.11;-250.06999999999994;589.7582397460938;655.2869262695312;589.7582397460938;0.11111109961201948;0.0;1.0714;665.1162384033203;-9.829312133789017
2015-01-07;655.2869262695312;655.2869262695312;589.7582397460938;655.2869262695312;655.2869262695312;29;0.0;-250.06999999999994;589.7582397460938;655.2869262695312;655.2869262695312;0.0;0.0;1.0714;665.1162384033203;-9.829312133789017
2015-01-08;655.2869262695312;655.2869262695312;589.7582397460938;655.2869262695312;655.2869262695312;28;0.0;-250.06999999999994;589.7582397460938;655.2869262695312;655.2869262695312;0.0;0.0;1.0714;665.1162384033203;-9.829312133789017
2015-01-09;589.7582397460938;655.2869262695312;589.7582397460938;655.2869262695312;655.2869262695312;39;0.0;-250.06999999999994;589.7582397460938;655.2869262695312;589.7582397460938;0.0;0.10000008382837877;1.0714;665.1162384033203;-9.829312133789017
2015-01-12;655.2869262695312;720.815673828125;655.2869262695312;720.815673828125;720.815673828125;234;10.0;-240.06999999999994;655.2869262695312;720.815673828125;655.2869262695312;0.10000008382837877;-0.09090916018873751;1.1261;668.39267578125;52.42299804687502
2015-01-13;655.2869262695312;720.815673828125;589.7582397460938;655.2869262695312;655.2869262695312;93;-9.09;-249.15999999999994;589.7582397460938;720.815673828125;655.2869262695312;-0.09090916018873751;0.0;1.1788;668.39267578125;-13.105749511718727
2015-01-14;655.2869262695312;720.815673828125;655.2869262695312;655.2869262695312;655.2869262695312;40;0.0;-249.15999999999994;655.2869262695312;720.815673828125;655.2869262695312;0.0;0.0;1.1788;668.39267578125;-13.105749511718727
2015-01-15;655.2869262695312;720.815673828125;589.7582397460938;655.2869262695312;655.2869262695312;33;0.0;-249.15999999999994;589.7582397460938;720.815673828125;655.2869262695312;0.0;0.0;1.1788;668.39267578125;-13.105749511718727
2015-01-16;655.2869262695312;655.2869262695312;589.7582397460938;655.2869262695312;655.2869262695312;33;0.0;-249.15999999999994;589.7582397460938;655.2869262695312;655.2869262695312;0.0;0.0;1.1788;668.39267578125;-13.105749511718727
2015-01-19;655.2869262695312;655.2869262695312;589.7582397460938;655.2869262695312;655.2869262695312;42;0.0;-249.15999999999994;589.7582397460938;655.2869262695312;655.2869262695312;0.0;0.0;1.1788;668.39267578125;-13.105749511718727
2015-01-20;589.7582397460938;655.2869262695312;589.7582397460938;655.2869262695312;655.2869262695312;108;0.0;-249.15999999999994;589.7582397460938;655.2869262695312;589.7582397460938;0.0;-0.09999999068573573;1.1214;665.1162384033203;-9.829312133789017
2015-01-21;589.7582397460938;655.2869262695312;524.2295532226562;589.7582397460938;589.7582397460938;754;-10.0;-259.15999999999997;524.2295532226562;655.2869262695312;589.7582397460938;-0.09999999068573573;0.0;1.1156;655.2869323730469;-65.5286926269531
2015-01-22;589.7582397460938;589.7582397460938;524.2295532226562;589.7582397460938;589.7582397460938;66;0.0;-259.15999999999997;524.2295532226562;589.7582397460938;589.7582397460938;0.0;-0.11111109961201948;0.954;652.010498046875;-62.25225830078125
2015-01-23;589.7582397460938;589.7582397460938;524.2295532226562;524.2295532226562;524.2295532226562;178;-11.11;-270.27;524.2295532226562;589.7582397460938;589.7582397460938;-0.11111109961201948;0.0;1.0273;645.4576293945313;-121.22807617187505
2015-01-26;524.2295532226562;524.2295532226562;458.70086669921875;524.2295532226562;524.2295532226562;264;0.0;-270.27;458.70086669921875;524.2295532226562;524.2295532226562;0.0;0.0;0.9444;635.6283233642578;-111.39877014160152
2015-01-27;524.2295532226562;589.7582397460938;458.70086669921875;524.2295532226562;524.2295532226562;81;0.0;-270.27;458.70086669921875;589.7582397460938;524.2295532226562;0.0;-0.1249999854464624;0.9005;629.0754547119141;-104.84590148925781
2015-01-28;524.2295532226562;524.2295532226562;458.70086669921875;458.70086669921875;458.70086669921875;382;-12.5;-282.77;458.70086669921875;524.2295532226562;524.2295532226562;-0.1249999854464624;0.14285712384844085;0.988;619.2461517333984;-160.54528503417964
2015-01-29;458.70086669921875;524.2295532226562;393.17218017578125;524.2295532226562;524.2295532226562;220;14.29;-268.47999999999996;393.17218017578125;524.2295532226562;458.70086669921875;0.14285712384844085;-0.1249999854464624;1.1371;612.6932830810547;-88.46372985839844
2015-01-30;524.2295532226562;524.2295532226562;458.70086669921875;458.70086669921875;458.70086669921875;85;-12.5;-280.97999999999996;458.70086669921875;524.2295532226562;524.2295532226562;-0.1249999854464624;0.0;1.2088;602.863980102539;-144.16311340332027
2015-02-02;458.70086669921875;524.2295532226562;458.70086669921875;458.70086669921875;458.70086669921875;30;0.0;-280.97999999999996;458.70086669921875;524.2295532226562;458.70086669921875;0.0;0.0;1.1668;596.3111114501953;-137.61024475097656
2015-02-03;458.70086669921875;524.2295532226562;458.70086669921875;458.70086669921875;458.70086669921875;32;0.0;-280.97999999999996;458.70086669921875;524.2295532226562;458.70086669921875;0.0;0.0;1.0772;586.4818084716796;-127.78094177246089
2015-02-04;524.2295532226562;524.2295532226562;458.70086669921875;458.70086669921875;458.70086669921875;11;0.0;-280.97999999999996;458.70086669921875;524.2295532226562;524.2295532226562;0.0;0.0;1.0772;576.6525054931641;-117.95163879394534
2015-02-05;458.70086669921875;524.2295532226562;393.17218017578125;458.70086669921875;458.70086669921875;127;0.0;-280.97999999999996;393.17218017578125;524.2295532226562;458.70086669921875;0.0;0.14285712384844085;1.0772;566.8232025146484;-108.12233581542966
2015-02-06;458.70086669921875;524.2295532226562;458.70086669921875;524.2295532226562;524.2295532226562;0;14.29;-266.68999999999994;458.70086669921875;524.2295532226562;458.70086669921875;0.14285712384844085;-0.1249999854464624;1.215;560.2703338623047;-36.04078063964846
2015-02-09;458.70086669921875;524.2295532226562;458.70086669921875;458.70086669921875;458.70086669921875;54;-12.5;-279.18999999999994;458.70086669921875;524.2295532226562;458.70086669921875;-0.1249999854464624;0.0;1.2114;547.1645935058593;-88.46372680664058
2015-02-10;458.70086669921875;524.2295532226562;458.70086669921875;458.70086669921875;458.70086669921875;49;0.0;-279.18999999999994;458.70086669921875;524.2295532226562;458.70086669921875;0.0;0.0;1.183;537.3352905273438;-78.63442382812502
2015-02-11;524.2295532226562;524.2295532226562;458.70086669921875;458.70086669921875;458.70086669921875;70;0.0;-279.18999999999994;458.70086669921875;524.2295532226562;524.2295532226562;0.0;0.0;1.183;527.5059875488281;-68.80512084960935
2015-02-12;458.70086669921875;458.70086669921875;393.17218017578125;458.70086669921875;458.70086669921875;23;0.0;-279.18999999999994;393.17218017578125;458.70086669921875;458.70086669921875;0.0;-0.14285712384844096;1.183;517.6766845703125;-58.975817871093795
2015-02-13;458.70086669921875;524.2295532226562;393.17218017578125;393.17218017578125;393.17218017578125;38;-14.29;-293.47999999999996;393.17218017578125;524.2295532226562;458.70086669921875;-0.14285712384844096;0.16666664079371185;1.2648;504.570947265625;-111.39876708984377
2015-02-18;458.70086669921875;458.70086669921875;393.17218017578125;458.70086669921875;458.70086669921875;16;16.67;-276.80999999999995;393.17218017578125;458.70086669921875;458.70086669921875;0.16666664079371185;0.0;1.431;494.74164428710935;-36.0407775878906
2015-02-19;458.70086669921875;524.2295532226562;393.17218017578125;458.70086669921875;458.70086669921875;99;0.0;-276.80999999999995;393.17218017578125;524.2295532226562;458.70086669921875;0.0;-0.14285712384844096;1.431;484.91234130859374;-26.21147460937499
2015-02-20;458.70086669921875;458.70086669921875;393.17218017578125;393.17218017578125;393.17218017578125;10;-14.29;-291.09999999999997;393.17218017578125;458.70086669921875;458.70086669921875;-0.14285712384844096;0.0;1.4727;475.0830383300781;-81.91085815429688
2015-02-23;393.17218017578125;458.70086669921875;393.17218017578125;393.17218017578125;393.17218017578125;77;0.0;-291.09999999999997;393.17218017578125;458.70086669921875;393.17218017578125;0.0;0.3333332815874237;1.4727;465.2537353515625;-72.08155517578126
2015-02-24;458.70086669921875;524.2295532226562;393.17218017578125;524.2295532226562;524.2295532226562;51;33.33;-257.77;393.17218017578125;524.2295532226562;458.70086669921875;0.3333332815874237;0.0;1.8805;465.2537353515625;58.97581787109374
2015-02-25;458.70086669921875;524.2295532226562;393.17218017578125;524.2295532226562;524.2295532226562;85;0.0;-257.77;393.17218017578125;524.2295532226562;458.70086669921875;0.0;-0.1249999854464624;1.8805;465.2537353515625;58.97581787109374
2015-02-26;458.70086669921875;524.2295532226562;458.70086669921875;458.70086669921875;458.70086669921875;105;-12.5;-270.27;458.70086669921875;524.2295532226562;458.70086669921875;-0.1249999854464624;0.14285712384844085;1.9375;461.9773010253906;-3.2764343261718523
2015-02-27;458.70086669921875;524.2295532226562;458.70086669921875;524.2295532226562;524.2295532226562;68;14.29;-255.98;458.70086669921875;524.2295532226562;458.70086669921875;0.14285712384844085;0.0;1.9416;465.2537353515625;58.97581787109374
2015-03-02;458.70086669921875;524.2295532226562;458.70086669921875;524.2295532226562;524.2295532226562;23;0.0;-255.98;458.70086669921875;524.2295532226562;458.70086669921875;0.0;-0.1249999854464624;1.8805;465.2537353515625;58.97581787109374
2015-03-03;458.70086669921875;524.2295532226562;393.17218017578125;458.70086669921875;458.70086669921875;177;-12.5;-268.48;393.17218017578125;524.2295532226562;458.70086669921875;-0.1249999854464624;0.0;1.8805;465.2537353515625;-6.552868652343761
2015-03-04;458.70086669921875;458.70086669921875;393.17218017578125;458.70086669921875;458.70086669921875;50;0.0;-268.48;393.17218017578125;458.70086669921875;458.70086669921875;0.0;0.0;1.8805;465.2537353515625;-6.552868652343761
2015-03-05;458.70086669921875;458.70086669921875;393.17218017578125;458.70086669921875;458.70086669921875;7;0.0;-268.48;393.17218017578125;458.70086669921875;458.70086669921875;0.0;0.0;1.8805;465.2537353515625;-6.552868652343761
2015-03-06;393.17218017578125;458.70086669921875;393.17218017578125;458.70086669921875;458.70086669921875;18;0.0;-268.48;393.17218017578125;458.70086669921875;393.17218017578125;0.0;0.0;1.8805;465.2537353515625;-6.552868652343761
2015-03-09;393.17218017578125;458.70086669921875;393.17218017578125;458.70086669921875;458.70086669921875;3;0.0;-268.48;393.17218017578125;458.70086669921875;393.17218017578125;0.0;-0.14285712384844096;1.8805;465.2537353515625;-6.552868652343761
2015-03-10;393.17218017578125;458.70086669921875;393.17218017578125;393.17218017578125;393.17218017578125;7;-14.29;-282.77000000000004;393.17218017578125;458.70086669921875;393.17218017578125;-0.14285712384844096;0.16666664079371185;1.8787;458.70086669921875;-65.5286865234375
2015-03-11;458.70086669921875;458.70086669921875;393.17218017578125;458.70086669921875;458.70086669921875;4;16.67;-266.1;393.17218017578125;458.70086669921875;458.70086669921875;0.16666664079371185;0.0;1.9226;458.70086669921875;0.0
2015-03-12;393.17218017578125;458.70086669921875;393.17218017578125;458.70086669921875;458.70086669921875;0;0.0;-266.1;393.17218017578125;458.70086669921875;393.17218017578125;0.0;0.0;1.9226;458.70086669921875;0.0
2015-03-13;393.17218017578125;458.70086669921875;393.17218017578125;458.70086669921875;458.70086669921875;0;0.0;-266.1;393.17218017578125;458.70086669921875;393.17218017578125;0.0;-0.14285712384844096;1.9226;458.70086669921875;0.0
2015-03-16;458.70086669921875;458.70086669921875;393.17218017578125;393.17218017578125;393.17218017578125;298;-14.29;-280.39000000000004;393.17218017578125;458.70086669921875;458.70086669921875;-0.14285712384844096;0.16666664079371185;1.9946;455.4244323730469;-62.25225219726565
2015-03-17;458.70086669921875;524.2295532226562;393.17218017578125;458.70086669921875;458.70086669921875;392;16.67;-263.72;393.17218017578125;524.2295532226562;458.70086669921875;0.16666664079371185;0.14285712384844085;2.0043;458.70086669921875;0.0
2015-03-18;393.17218017578125;589.7582397460938;393.17218017578125;524.2295532226562;524.2295532226562;1636;14.29;-249.43000000000004;393.17218017578125;589.7582397460938;393.17218017578125;0.14285712384844085;0.12499998544646229;1.9821;461.9773010253906;62.25225219726565
2015-03-19;524.2295532226562;589.7582397460938;458.70086669921875;589.7582397460938;589.7582397460938;540;12.5;-236.93000000000004;458.70086669921875;589.7582397460938;524.2295532226562;0.12499998544646229;-0.11111109961201948;2.0199;468.53016967773436;121.22807006835939
2015-03-20;524.2295532226562;589.7582397460938;458.70086669921875;524.2295532226562;524.2295532226562;339;-11.11;-248.04000000000002;458.70086669921875;589.7582397460938;524.2295532226562;-0.11111109961201948;0.0;1.9889;475.0830383300781;49.146514892578125
2015-03-23;589.7582397460938;589.7582397460938;458.70086669921875;524.2295532226562;524.2295532226562;6;0.0;-248.04000000000002;458.70086669921875;589.7582397460938;589.7582397460938;0.0;0.0;1.9889;481.6359069824219;42.593646240234364
2015-03-24;524.2295532226562;524.2295532226562;458.70086669921875;524.2295532226562;524.2295532226562;20;0.0;-248.04000000000002;458.70086669921875;524.2295532226562;524.2295532226562;0.0;0.12499998544646229;1.6121;481.6359069824219;42.593646240234364
2015-03-25;524.2295532226562;589.7582397460938;458.70086669921875;589.7582397460938;589.7582397460938;408;12.5;-235.54000000000002;458.70086669921875;589.7582397460938;524.2295532226562;0.12499998544646229;-0.11111109961201948;1.6672;484.91234130859374;104.84589843750001
2015-03-26;655.2869262695312;655.2869262695312;524.2295532226562;524.2295532226562;524.2295532226562;270;-11.11;-246.65000000000003;524.2295532226562;655.2869262695312;655.2869262695312;-0.11111109961201948;0.12499998544646229;1.6528;488.18877563476565;36.0407775878906
2015-03-27;589.7582397460938;589.7582397460938;524.2295532226562;589.7582397460938;589.7582397460938;33;12.5;-234.15000000000003;524.2295532226562;589.7582397460938;589.7582397460938;0.12499998544646229;-0.11111109961201948;1.6351;491.4652099609375;98.29302978515625
2015-03-30;589.7582397460938;589.7582397460938;524.2295532226562;524.2295532226562;524.2295532226562;80;-11.11;-245.26000000000005;524.2295532226562;589.7582397460938;589.7582397460938;-0.11111109961201948;0.0;1.6916;491.4652099609375;32.76434326171875
2015-03-31;589.7582397460938;589.7582397460938;458.70086669921875;524.2295532226562;524.2295532226562;462;0.0;-245.26000000000005;458.70086669921875;589.7582397460938;589.7582397460938;0.0;-0.1249999854464624;1.6205;494.74164428710935;29.487908935546898
2015-04-01;458.70086669921875;524.2295532226562;393.17218017578125;458.70086669921875;458.70086669921875;375;-12.5;-257.76000000000005;393.17218017578125;524.2295532226562;458.70086669921875;-0.1249999854464624;0.0;1.6916;494.74164428710935;-36.0407775878906
2015-04-02;458.70086669921875;458.70086669921875;393.17218017578125;458.70086669921875;458.70086669921875;40;0.0;-257.76000000000005;393.17218017578125;458.70086669921875;458.70086669921875;0.0;0.0;1.6916;494.74164428710935;-36.0407775878906
2015-04-06;458.70086669921875;458.70086669921875;393.17218017578125;458.70086669921875;458.70086669921875;55;0.0;-257.76000000000005;393.17218017578125;458.70086669921875;458.70086669921875;0.0;0.0;1.6916;494.74164428710935;-36.0407775878906
2015-04-07;393.17218017578125;458.70086669921875;393.17218017578125;458.70086669921875;458.70086669921875;14;0.0;-257.76000000000005;393.17218017578125;458.70086669921875;393.17218017578125;0.0;0.0;1.6916;494.74164428710935;-36.0407775878906
2015-04-08;458.70086669921875;524.2295532226562;458.70086669921875;458.70086669921875;458.70086669921875;194;0.0;-257.76000000000005;458.70086669921875;524.2295532226562;458.70086669921875;0.0;0.0;1.599;498.01807861328126;-39.31721191406251
2015-04-09;458.70086669921875;524.2295532226562;458.70086669921875;458.70086669921875;458.70086669921875;71;0.0;-257.76000000000005;458.70086669921875;524.2295532226562;458.70086669921875;0.0;-0.14285712384844096;1.4918;498.01807861328126;-39.31721191406251
2015-04-10;458.70086669921875;524.2295532226562;393.17218017578125;393.17218017578125;393.17218017578125;165;-14.29;-272.05000000000007;393.17218017578125;524.2295532226562;458.70086669921875;-0.14285712384844096;0.0;1.5806;494.74164428710935;-101.5694641113281
2015-04-13;458.70086669921875;458.70086669921875;393.17218017578125;393.17218017578125;393.17218017578125;50;0.0;-272.05000000000007;393.17218017578125;458.70086669921875;458.70086669921875;0.0;0.16666664079371185;1.5806;491.4652099609375;-98.29302978515625
2015-04-14;393.17218017578125;524.2295532226562;393.17218017578125;458.70086669921875;458.70086669921875;149;16.67;-255.38000000000005;393.17218017578125;524.2295532226562;393.17218017578125;0.16666664079371185;0.14285712384844085;1.599;494.74164428710935;-36.0407775878906
2015-04-15;524.2295532226562;524.2295532226562;458.70086669921875;524.2295532226562;524.2295532226562;27;14.29;-241.09000000000006;458.70086669921875;524.2295532226562;524.2295532226562;0.14285712384844085;0.0;1.5706;498.01807861328126;26.21147460937499
2015-04-16;524.2295532226562;524.2295532226562;458.70086669921875;524.2295532226562;524.2295532226562;40;0.0;-241.09000000000006;458.70086669921875;524.2295532226562;524.2295532226562;0.0;0.0;1.4918;498.01807861328126;26.21147460937499
2015-04-17;458.70086669921875;524.2295532226562;458.70086669921875;524.2295532226562;524.2295532226562;241;0.0;-241.09000000000006;458.70086669921875;524.2295532226562;458.70086669921875;0.0;0.0;1.4218;494.74164428710935;29.487908935546898
2015-04-20;458.70086669921875;524.2295532226562;393.17218017578125;524.2295532226562;524.2295532226562;16;0.0;-241.09000000000006;393.17218017578125;524.2295532226562;458.70086669921875;0.0;-0.1249999854464624;1.3623;494.74164428710935;29.487908935546898
2015-04-22;458.70086669921875;524.2295532226562;393.17218017578125;458.70086669921875;458.70086669921875;58;-12.5;-253.59000000000006;393.17218017578125;524.2295532226562;458.70086669921875;-0.1249999854464624;0.0;1.4367;491.4652099609375;-32.76434326171875
2015-04-23;458.70086669921875;524.2295532226562;393.17218017578125;458.70086669921875;458.70086669921875;225;0.0;-253.59000000000006;393.17218017578125;524.2295532226562;458.70086669921875;0.0;0.0;1.4367;488.18877563476565;-29.487908935546898
2015-04-24;458.70086669921875;524.2295532226562;393.17218017578125;458.70086669921875;458.70086669921875;434;0.0;-253.59000000000006;393.17218017578125;524.2295532226562;458.70086669921875;0.0;0.0;1.3555;481.6359069824219;-22.935040283203136
2015-04-27;458.70086669921875;524.2295532226562;458.70086669921875;458.70086669921875;458.70086669921875;188;0.0;-253.59000000000006;458.70086669921875;524.2295532226562;458.70086669921875;0.0;0.0;1.3008;478.35947265625;-19.658605957031227
2015-04-28;393.17218017578125;458.70086669921875;393.17218017578125;458.70086669921875;458.70086669921875;205;0.0;-253.59000000000006;393.17218017578125;458.70086669921875;393.17218017578125;0.0;0.0;1.2095;471.8066040039063;-13.105737304687523
2015-04-29;458.70086669921875;524.2295532226562;458.70086669921875;458.70086669921875;458.70086669921875;120;0.0;-253.59000000000006;458.70086669921875;524.2295532226562;458.70086669921875;0.0;0.0;1.1488;468.53016967773436;-9.829302978515614
2015-04-30;458.70086669921875;458.70086669921875;393.17218017578125;458.70086669921875;458.70086669921875;6;0.0;-253.59000000000006;393.17218017578125;458.70086669921875;458.70086669921875;0.0;0.0;1.1488;465.2537353515625;-6.552868652343761
2015-05-04;458.70086669921875;524.2295532226562;458.70086669921875;458.70086669921875;458.70086669921875;151;0.0;-253.59000000000006;458.70086669921875;524.2295532226562;458.70086669921875;0.0;0.0;1.0563;465.2537353515625;-6.552868652343761
2015-05-05;458.70086669921875;524.2295532226562;458.70086669921875;458.70086669921875;458.70086669921875;55;0.0;-253.59000000000006;458.70086669921875;524.2295532226562;458.70086669921875;0.0;0.0;1.0563;465.2537353515625;-6.552868652343761
2015-05-06;458.70086669921875;458.70086669921875;458.70086669921875;458.70086669921875;458.70086669921875;7;0.0;-253.59000000000006;458.70086669921875;458.70086669921875;458.70086669921875;0.0;0.0;1.0563;465.2537353515625;-6.552868652343761
2015-05-07;458.70086669921875;458.70086669921875;458.70086669921875;458.70086669921875;458.70086669921875;810;0.0;-253.59000000000006;458.70086669921875;458.70086669921875;458.70086669921875;0.0;0.0;1.0563;465.2537353515625;-6.552868652343761
2015-05-08;393.17218017578125;458.70086669921875;393.17218017578125;458.70086669921875;458.70086669921875;34;0.0;-253.59000000000006;393.17218017578125;458.70086669921875;393.17218017578125;0.0;0.0;1.0563;465.2537353515625;-6.552868652343761
2015-05-11;458.70086669921875;458.70086669921875;393.17218017578125;458.70086669921875;458.70086669921875;31;0.0;-253.59000000000006;393.17218017578125;458.70086669921875;458.70086669921875;0.0;0.0;1.0563;465.2537353515625;-6.552868652343761
2015-05-12;458.70086669921875;524.2295532226562;393.17218017578125;458.70086669921875;458.70086669921875;111;0.0;-253.59000000000006;393.17218017578125;524.2295532226562;458.70086669921875;0.0;0.14285712384844085;0.9076;468.53016967773436;-9.829302978515614
2015-05-13;524.2295532226562;524.2295532226562;458.70086669921875;524.2295532226562;524.2295532226562;16;14.29;-239.30000000000007;458.70086669921875;524.2295532226562;524.2295532226562;0.14285712384844085;0.0;1.0227;475.0830383300781;49.146514892578125
2015-05-14;524.2295532226562;589.7582397460938;458.70086669921875;524.2295532226562;524.2295532226562;1037;0.0;-239.30000000000007;458.70086669921875;589.7582397460938;524.2295532226562;0.0;-0.1249999854464624;0.8553;478.35947265625;45.87008056640627
2015-05-15;524.2295532226562;524.2295532226562;458.70086669921875;458.70086669921875;458.70086669921875;374;-12.5;-251.80000000000007;458.70086669921875;524.2295532226562;524.2295532226562;-0.1249999854464624;-0.14285712384844096;0.8231;475.0830383300781;-16.382171630859375
2015-05-18;458.70086669921875;458.70086669921875;393.17218017578125;393.17218017578125;393.17218017578125;504;-14.29;-266.0900000000001;393.17218017578125;458.70086669921875;458.70086669921875;-0.14285712384844096;0.0;0.9562;468.53016967773436;-75.35798950195311
2015-05-19;393.17218017578125;458.70086669921875;327.6434631347656;393.17218017578125;393.17218017578125;379;0.0;-266.0900000000001;327.6434631347656;458.70086669921875;393.17218017578125;0.0;0.0;0.9562;461.9773010253906;-68.80512084960935
2015-05-20;393.17218017578125;458.70086669921875;393.17218017578125;393.17218017578125;393.17218017578125;41;0.0;-266.0900000000001;393.17218017578125;458.70086669921875;393.17218017578125;0.0;0.0;0.9562;455.4244323730469;-62.25225219726565
2015-05-21;393.17218017578125;458.70086669921875;393.17218017578125;393.17218017578125;393.17218017578125;18;0.0;-266.0900000000001;393.17218017578125;458.70086669921875;393.17218017578125;0.0;0.0;0.8592;452.147998046875;-58.97581787109374
2015-05-22;393.17218017578125;458.70086669921875;393.17218017578125;393.17218017578125;393.17218017578125;95;0.0;-266.0900000000001;393.17218017578125;458.70086669921875;393.17218017578125;0.0;0.0;0.8592;448.87156372070314;-55.699383544921886
2015-05-25;393.17218017578125;458.70086669921875;393.17218017578125;393.17218017578125;393.17218017578125;24;0.0;-266.0900000000001;393.17218017578125;458.70086669921875;393.17218017578125;0.0;0.0;0.8592;445.5951293945312;-52.42294921874998
2015-05-26;393.17218017578125;458.70086669921875;393.17218017578125;393.17218017578125;393.17218017578125;19;0.0;-266.0900000000001;393.17218017578125;458.70086669921875;393.17218017578125;0.0;0.0;0.8592;442.3186950683594;-49.146514892578125
2015-05-27;393.17218017578125;393.17218017578125;393.17218017578125;393.17218017578125;393.17218017578125;9;0.0;-266.0900000000001;393.17218017578125;393.17218017578125;393.17218017578125;0.0;0.0;0.8592;439.0422607421875;-45.87008056640627
2015-05-28;393.17218017578125;458.70086669921875;393.17218017578125;393.17218017578125;393.17218017578125;153;0.0;-266.0900000000001;393.17218017578125;458.70086669921875;393.17218017578125;0.0;0.0;0.8592;435.7658264160156;-42.593646240234364
2015-05-29;393.17218017578125;458.70086669921875;393.17218017578125;393.17218017578125;393.17218017578125;56;0.0;-266.0900000000001;393.17218017578125;458.70086669921875;393.17218017578125;0.0;0.0;0.8592;432.48939208984376;-39.31721191406251
2015-06-01;393.17218017578125;393.17218017578125;393.17218017578125;393.17218017578125;393.17218017578125;5;0.0;-266.0900000000001;393.17218017578125;393.17218017578125;393.17218017578125;0.0;0.16666664079371185;0.8592;429.21295776367185;-36.0407775878906
2015-06-02;393.17218017578125;524.2295532226562;393.17218017578125;458.70086669921875;458.70086669921875;557;16.67;-249.42000000000007;393.17218017578125;524.2295532226562;393.17218017578125;0.16666664079371185;-0.14285712384844096;1.0563;429.21295776367185;29.487908935546898
2015-06-03;458.70086669921875;524.2295532226562;393.17218017578125;393.17218017578125;393.17218017578125;187;-14.29;-263.7100000000001;393.17218017578125;524.2295532226562;458.70086669921875;-0.14285712384844096;0.0;1.1751;425.9365234375;-32.76434326171875
2015-06-05;393.17218017578125;458.70086669921875;393.17218017578125;393.17218017578125;393.17218017578125;23;0.0;-263.7100000000001;393.17218017578125;458.70086669921875;393.17218017578125;0.0;0.16666664079371185;1.1751;422.66008911132815;-29.487908935546898
2015-06-08;458.70086669921875;458.70086669921875;393.17218017578125;458.70086669921875;458.70086669921875;113;16.67;-247.04000000000008;393.17218017578125;458.70086669921875;458.70086669921875;0.16666664079371185;0.0;1.3241;422.66008911132815;36.0407775878906
2015-06-09;458.70086669921875;458.70086669921875;393.17218017578125;458.70086669921875;458.70086669921875;300;0.0;-247.04000000000008;393.17218017578125;458.70086669921875;458.70086669921875;0.0;0.0;1.3241;422.66008911132815;36.0407775878906
2015-06-10;458.70086669921875;458.70086669921875;458.70086669921875;458.70086669921875;458.70086669921875;33;0.0;-247.04000000000008;458.70086669921875;458.70086669921875;458.70086669921875;0.0;-0.14285712384844096;1.3241;422.66008911132815;36.0407775878906
2015-06-11;458.70086669921875;458.70086669921875;393.17218017578125;393.17218017578125;393.17218017578125;28;-14.29;-261.3300000000001;393.17218017578125;458.70086669921875;458.70086669921875;-0.14285712384844096;0.0;1.313;416.1072204589844;-22.935040283203136
2015-06-12;393.17218017578125;458.70086669921875;393.17218017578125;393.17218017578125;393.17218017578125;174;0.0;-261.3300000000001;393.17218017578125;458.70086669921875;393.17218017578125;0.0;0.0;1.313;409.5543518066406;-16.382171630859375
2015-06-15;393.17218017578125;458.70086669921875;393.17218017578125;393.17218017578125;393.17218017578125;46;0.0;-261.3300000000001;393.17218017578125;458.70086669921875;393.17218017578125;0.0;0.16666664079371185;1.2421;406.2779174804688;-13.105737304687523
2015-06-16;393.17218017578125;458.70086669921875;393.17218017578125;458.70086669921875;458.70086669921875;89;16.67;-244.66000000000008;393.17218017578125;458.70086669921875;393.17218017578125;0.16666664079371185;-0.14285712384844096;1.2713;409.5543518066406;49.146514892578125
2015-06-17;393.17218017578125;458.70086669921875;327.6434631347656;393.17218017578125;393.17218017578125;299;-14.29;-258.9500000000001;327.6434631347656;458.70086669921875;393.17218017578125;-0.14285712384844096;0.0;1.3834;409.5543518066406;-16.382171630859375
2015-06-18;393.17218017578125;458.70086669921875;327.6434631347656;393.17218017578125;393.17218017578125;298;0.0;-258.9500000000001;327.6434631347656;458.70086669921875;393.17218017578125;0.0;-0.1666667184125763;1.3834;409.5543518066406;-16.382171630859375
2015-06-19;393.17218017578125;393.17218017578125;327.6434631347656;327.6434631347656;327.6434631347656;63;-16.67;-275.6200000000001;327.6434631347656;393.17218017578125;393.17218017578125;-0.1666667184125763;0.0;1.5099;406.27791595458984;-78.63445281982422
2015-06-22;393.17218017578125;393.17218017578125;327.6434631347656;327.6434631347656;327.6434631347656;14;0.0;-275.6200000000001;327.6434631347656;393.17218017578125;393.17218017578125;0.0;0.2000000745141144;1.5099;403.00148010253906;-75.35801696777344
2015-06-23;327.6434631347656;393.17218017578125;327.6434631347656;393.17218017578125;393.17218017578125;124;20.0;-255.62000000000012;327.6434631347656;393.17218017578125;327.6434631347656;0.2000000745141144;-0.1666667184125763;1.676;403.00148010253906;-9.829299926757812
2015-06-24;393.17218017578125;393.17218017578125;327.6434631347656;327.6434631347656;327.6434631347656;50;-16.67;-272.29000000000013;327.6434631347656;393.17218017578125;393.17218017578125;-0.1666667184125763;0.0;1.7838;399.7250442504883;-72.08158111572266
2015-06-25;393.17218017578125;393.17218017578125;327.6434631347656;327.6434631347656;327.6434631347656;37;0.0;-272.29000000000013;327.6434631347656;393.17218017578125;393.17218017578125;0.0;0.0;1.7838;396.4486083984375;-68.80514526367188
2015-06-26;393.17218017578125;393.17218017578125;327.6434631347656;327.6434631347656;327.6434631347656;38;0.0;-272.29000000000013;327.6434631347656;393.17218017578125;393.17218017578125;0.0;0.2000000745141144;1.7838;393.1721725463867;-65.5287094116211
2015-06-29;327.6434631347656;393.17218017578125;327.6434631347656;393.17218017578125;393.17218017578125;64;20.0;-252.29000000000013;327.6434631347656;393.17218017578125;327.6434631347656;0.2000000745141144;-0.1666667184125763;1.9242;393.1721725463867;7.62939453125e-06
2015-06-30;327.6434631347656;393.17218017578125;327.6434631347656;327.6434631347656;327.6434631347656;41;-16.67;-268.96000000000015;327.6434631347656;393.17218017578125;327.6434631347656;-0.1666667184125763;0.0;2.0207;389.89573669433594;-62.25227355957031
2015-07-01;393.17218017578125;393.17218017578125;327.6434631347656;327.6434631347656;327.6434631347656;39;0.0;-268.96000000000015;327.6434631347656;393.17218017578125;393.17218017578125;0.0;0.0;1.9209;383.3428665161133;-55.69940338134768
2015-07-02;327.6434631347656;393.17218017578125;327.6434631347656;327.6434631347656;327.6434631347656;16;0.0;-268.96000000000015;327.6434631347656;393.17218017578125;327.6434631347656;0.0;0.2000000745141144;1.8554;380.0664306640625;-52.4229675292969
2015-07-03;393.17218017578125;393.17218017578125;327.6434631347656;393.17218017578125;393.17218017578125;10;20.0;-248.96000000000015;327.6434631347656;393.17218017578125;393.17218017578125;0.2000000745141144;-0.1666667184125763;1.9901;380.0664306640625;13.105749511718727
2015-07-06;327.6434631347656;393.17218017578125;327.6434631347656;327.6434631347656;327.6434631347656;61;-16.67;-265.63000000000017;327.6434631347656;393.17218017578125;327.6434631347656;-0.1666667184125763;0.2000000745141144;1.988;373.51356048583983;-45.87009735107421
2015-07-07;327.6434631347656;393.17218017578125;327.6434631347656;393.17218017578125;393.17218017578125;44;20.0;-245.63000000000017;327.6434631347656;393.17218017578125;327.6434631347656;0.2000000745141144;-0.1666667184125763;2.1226;370.237126159668;22.93505401611327
2015-07-08;327.6434631347656;393.17218017578125;327.6434631347656;327.6434631347656;327.6434631347656;64;-16.67;-262.3000000000002;327.6434631347656;393.17218017578125;327.6434631347656;-0.1666667184125763;0.2000000745141144;2.2042;363.6842559814453;-36.040792846679665
2015-07-10;327.6434631347656;393.17218017578125;327.6434631347656;393.17218017578125;393.17218017578125;31;20.0;-242.30000000000018;327.6434631347656;393.17218017578125;327.6434631347656;0.2000000745141144;-0.1666667184125763;2.2605;363.6842559814453;29.48792419433596
2015-07-13;327.6434631347656;393.17218017578125;327.6434631347656;327.6434631347656;327.6434631347656;136;-16.67;-258.9700000000002;327.6434631347656;393.17218017578125;327.6434631347656;-0.1666667184125763;0.0;2.3456;360.4078201293945;-32.76435699462888
2015-07-14;327.6434631347656;393.17218017578125;327.6434631347656;327.6434631347656;327.6434631347656;138;0.0;-258.9700000000002;327.6434631347656;393.17218017578125;327.6434631347656;0.0;0.0;2.3456;357.1313842773437;-29.487921142578102
2015-07-15;327.6434631347656;327.6434631347656;262.1147766113281;327.6434631347656;327.6434631347656;569;0.0;-258.9700000000002;262.1147766113281;327.6434631347656;327.6434631347656;0.0;0.0;2.2628;350.5785140991211;-22.93505096435547
2015-07-16;327.6434631347656;393.17218017578125;262.1147766113281;327.6434631347656;327.6434631347656;177;0.0;-258.9700000000002;262.1147766113281;393.17218017578125;327.6434631347656;0.0;0.0;2.2053;347.3020782470703;-19.658615112304688
2015-07-17;327.6434631347656;327.6434631347656;262.1147766113281;327.6434631347656;327.6434631347656;33;0.0;-258.9700000000002;262.1147766113281;327.6434631347656;327.6434631347656;0.0;0.0;2.2053;344.02564239501953;-16.382179260253906
2015-07-20;327.6434631347656;327.6434631347656;262.1147766113281;327.6434631347656;327.6434631347656;438;0.0;-258.9700000000002;262.1147766113281;327.6434631347656;327.6434631347656;0.0;0.0;2.1157;344.02564239501953;-16.382179260253906
2015-07-21;327.6434631347656;327.6434631347656;262.1147766113281;327.6434631347656;327.6434631347656;259;0.0;-258.9700000000002;262.1147766113281;327.6434631347656;327.6434631347656;0.0;-0.19999998137147135;2.1157;344.02564239501953;-16.382179260253906
2015-07-22;327.6434631347656;327.6434631347656;196.58609008789062;262.1147766113281;262.1147766113281;520;-20.0;-278.9700000000002;196.58609008789062;327.6434631347656;327.6434631347656;-0.19999998137147135;0.2499999708929248;2.1115;337.4727722167969;-75.35799560546877
2015-07-23;327.6434631347656;327.6434631347656;262.1147766113281;327.6434631347656;327.6434631347656;110;25.0;-253.9700000000002;262.1147766113281;327.6434631347656;327.6434631347656;0.2499999708929248;-0.19999998137147135;2.221;337.4727722167969;-9.829309082031273
2015-07-24;327.6434631347656;327.6434631347656;262.1147766113281;262.1147766113281;262.1147766113281;25;-20.0;-273.9700000000002;262.1147766113281;327.6434631347656;327.6434631347656;-0.19999998137147135;0.0;2.3421;334.196337890625;-72.08156127929686
2015-07-27;327.6434631347656;327.6434631347656;262.1147766113281;262.1147766113281;262.1147766113281;36;0.0;-273.9700000000002;262.1147766113281;327.6434631347656;327.6434631347656;0.0;0.2499999708929248;2.3421;330.91990356445314;-68.80512695312501
2015-07-28;327.6434631347656;327.6434631347656;262.1147766113281;327.6434631347656;327.6434631347656;82;25.0;-248.9700000000002;262.1147766113281;327.6434631347656;327.6434631347656;0.2499999708929248;0.0;2.4049;327.64346771240236;-4.577636730118684e-06
2015-07-29;327.6434631347656;327.6434631347656;262.1147766113281;327.6434631347656;327.6434631347656;60;0.0;-248.9700000000002;262.1147766113281;327.6434631347656;327.6434631347656;0.0;0.0;2.3215;327.64346771240236;-4.577636730118684e-06
2015-07-30;262.1147766113281;327.6434631347656;262.1147766113281;327.6434631347656;327.6434631347656;22;0.0;-248.9700000000002;262.1147766113281;327.6434631347656;262.1147766113281;0.0;-0.19999998137147135;2.3215;327.64346771240236;-4.577636730118684e-06
2015-07-31;262.1147766113281;327.6434631347656;262.1147766113281;262.1147766113281;262.1147766113281;9;-20.0;-268.9700000000002;262.1147766113281;327.6434631347656;262.1147766113281;-0.19999998137147135;0.2499999708929248;2.4385;324.36703338623045;-62.25225677490232
2015-08-03;262.1147766113281;327.6434631347656;262.1147766113281;327.6434631347656;327.6434631347656;10;25.0;-243.9700000000002;262.1147766113281;327.6434631347656;262.1147766113281;0.2499999708929248;0.0;2.4986;321.09059753417966;6.55286560058596
2015-08-04;327.6434631347656;327.6434631347656;262.1147766113281;327.6434631347656;327.6434631347656;11;0.0;-243.9700000000002;262.1147766113281;327.6434631347656;327.6434631347656;0.0;-0.19999998137147135;2.4177;321.09059753417966;6.55286560058596
2015-08-05;327.6434631347656;327.6434631347656;262.1147766113281;262.1147766113281;262.1147766113281;19;-20.0;-263.9700000000002;262.1147766113281;327.6434631347656;327.6434631347656;-0.19999998137147135;0.2499999708929248;2.4195;314.53772735595703;-52.422950744628906
2015-08-06;262.1147766113281;327.6434631347656;262.1147766113281;327.6434631347656;327.6434631347656;124;25.0;-238.9700000000002;262.1147766113281;327.6434631347656;262.1147766113281;0.2499999708929248;0.0;2.5101;314.53772735595703;13.105735778808594
2015-08-07;327.6434631347656;327.6434631347656;262.1147766113281;327.6434631347656;327.6434631347656;23;0.0;-238.9700000000002;262.1147766113281;327.6434631347656;327.6434631347656;0.0;-0.19999998137147135;2.4095;311.26129150390625;16.382171630859375
2015-08-10;327.6434631347656;327.6434631347656;262.1147766113281;262.1147766113281;262.1147766113281;138;-20.0;-258.9700000000002;262.1147766113281;327.6434631347656;327.6434631347656;-0.19999998137147135;0.0;2.443;307.9848571777344;-45.87008056640627
2015-08-11;262.1147766113281;262.1147766113281;196.58609008789062;262.1147766113281;262.1147766113281;311;0.0;-258.9700000000002;196.58609008789062;262.1147766113281;262.1147766113281;0.0;0.0;2.443;304.7084228515625;-42.593646240234364
2015-08-12;262.1147766113281;327.6434631347656;196.58609008789062;262.1147766113281;262.1147766113281;78;0.0;-258.9700000000002;196.58609008789062;327.6434631347656;262.1147766113281;0.0;0.0;2.443;301.43198852539064;-39.31721191406251
2015-08-13;262.1147766113281;262.1147766113281;196.58609008789062;262.1147766113281;262.1147766113281;167;0.0;-258.9700000000002;196.58609008789062;262.1147766113281;262.1147766113281;0.0;0.2499999708929248;2.443;298.1555541992187;-36.0407775878906
2015-08-14;262.1147766113281;327.6434631347656;196.58609008789062;327.6434631347656;327.6434631347656;208;25.0;-233.9700000000002;196.58609008789062;327.6434631347656;262.1147766113281;0.2499999708929248;-0.19999998137147135;2.5992;298.1555541992187;29.487908935546898
2015-08-17;262.1147766113281;262.1147766113281;196.58609008789062;262.1147766113281;262.1147766113281;81;-20.0;-253.9700000000002;196.58609008789062;262.1147766113281;262.1147766113281;-0.19999998137147135;0.0;2.7067;294.8791198730469;-32.76434326171875
2015-08-18;262.1147766113281;262.1147766113281;196.58609008789062;262.1147766113281;262.1147766113281;116;0.0;-253.9700000000002;196.58609008789062;262.1147766113281;262.1147766113281;0.0;0.0;2.7067;291.602685546875;-29.487908935546898
2015-08-19;196.58609008789062;262.1147766113281;196.58609008789062;262.1147766113281;262.1147766113281;312;0.0;-253.9700000000002;196.58609008789062;262.1147766113281;196.58609008789062;0.0;0.0;2.5992;291.602685546875;-29.487908935546898
2015-08-20;196.58609008789062;262.1147766113281;196.58609008789062;262.1147766113281;262.1147766113281;124;0.0;-253.9700000000002;196.58609008789062;262.1147766113281;196.58609008789062;0.0;0.0;2.443;288.3262512207031;-26.21147460937499
2015-08-21;196.58609008789062;262.1147766113281;196.58609008789062;262.1147766113281;262.1147766113281;238;0.0;-253.9700000000002;196.58609008789062;262.1147766113281;196.58609008789062;0.0;-0.2499999708929247;2.3262;288.3262512207031;-26.21147460937499
2015-08-24;196.58609008789062;262.1147766113281;131.05738830566406;196.58609008789062;196.58609008789062;613;-25.0;-278.9700000000002;131.05738830566406;262.1147766113281;196.58609008789062;-0.2499999708929247;0.0;2.503;285.04981689453126;-88.46372680664064
2015-08-25;196.58609008789062;196.58609008789062;131.05738830566406;196.58609008789062;196.58609008789062;101;0.0;-278.9700000000002;131.05738830566406;196.58609008789062;196.58609008789062;0.0;0.0;2.3191;278.4969482421875;-81.91085815429688
2015-08-26;196.58609008789062;196.58609008789062;131.05738830566406;196.58609008789062;196.58609008789062;40;0.0;-278.9700000000002;131.05738830566406;196.58609008789062;196.58609008789062;0.0;0.0;2.3191;271.94407958984374;-75.35798950195311
2015-08-27;196.58609008789062;196.58609008789062;131.05738830566406;196.58609008789062;196.58609008789062;117;0.0;-278.9700000000002;131.05738830566406;196.58609008789062;196.58609008789062;0.0;0.0;2.3191;265.3912109375;-68.80512084960935
2015-08-28;196.58609008789062;196.58609008789062;196.58609008789062;196.58609008789062;196.58609008789062;33;0.0;-278.9700000000002;196.58609008789062;196.58609008789062;196.58609008789062;0.0;0.0;2.2138;262.1147766113281;-65.5286865234375
2015-08-31;131.05738830566406;196.58609008789062;131.05738830566406;196.58609008789062;196.58609008789062;62;0.0;-278.9700000000002;131.05738830566406;196.58609008789062;131.05738830566406;0.0;0.0;1.9993;255.56190795898436;-58.97581787109374
2015-09-01;131.05738830566406;196.58609008789062;131.05738830566406;196.58609008789062;196.58609008789062;40;0.0;-278.9700000000002;131.05738830566406;196.58609008789062;131.05738830566406;0.0;-0.33333335920628815;1.9993;249.00903930664063;-52.422949218750006
2015-09-02;196.58609008789062;196.58609008789062;131.05738830566406;131.05738830566406;131.05738830566406;50;-33.33;-312.3000000000002;131.05738830566406;196.58609008789062;196.58609008789062;-0.33333335920628815;0.5000000582141506;2.2061;242.45616989135743;-111.39878158569337
2015-09-03;196.58609008789062;196.58609008789062;131.05738830566406;196.58609008789062;196.58609008789062;18;50.0;-262.3000000000002;131.05738830566406;196.58609008789062;196.58609008789062;0.5000000582141506;-0.33333335920628815;2.7336;235.90330123901367;-39.31721115112305
2015-09-04;131.05738830566406;196.58609008789062;131.05738830566406;131.05738830566406;131.05738830566406;83;-33.33;-295.63000000000017;131.05738830566406;196.58609008789062;131.05738830566406;-0.33333335920628815;0.5000000582141506;2.9613;226.0739974975586;-95.01660919189453
2015-09-08;131.05738830566406;262.1147766113281;131.05738830566406;196.58609008789062;196.58609008789062;552;50.0;-245.63000000000017;131.05738830566406;262.1147766113281;131.05738830566406;0.5000000582141506;0.0;3.4286;222.7975631713867;-26.211473083496088
2015-09-09;262.1147766113281;262.1147766113281;196.58609008789062;196.58609008789062;196.58609008789062;56;0.0;-245.63000000000017;196.58609008789062;262.1147766113281;262.1147766113281;0.0;0.0;3.4286;219.52112884521483;-22.935038757324207
2015-09-10;196.58609008789062;262.1147766113281;131.05738830566406;196.58609008789062;196.58609008789062;177;0.0;-245.63000000000017;131.05738830566406;262.1147766113281;196.58609008789062;0.0;0.0;3.4286;216.24469451904298;-19.658604431152355
2015-09-11;196.58609008789062;262.1147766113281;131.05738830566406;196.58609008789062;196.58609008789062;136;0.0;-245.63000000000017;131.05738830566406;262.1147766113281;196.58609008789062;0.0;0.0;3.4286;212.9682601928711;-16.382170104980474
2015-09-14;196.58609008789062;196.58609008789062;131.05738830566406;196.58609008789062;196.58609008789062;63;0.0;-245.63000000000017;131.05738830566406;196.58609008789062;196.58609008789062;0.0;0.0;3.306;206.41539154052734;-9.829301452636713
2015-09-15;196.58609008789062;196.58609008789062;131.05738830566406;196.58609008789062;196.58609008789062;4;0.0;-245.63000000000017;131.05738830566406;196.58609008789062;196.58609008789062;0.0;0.0;3.2254;203.13895721435546;-6.552867126464832
2015-09-16;196.58609008789062;196.58609008789062;196.58609008789062;196.58609008789062;196.58609008789062;0;0.0;-245.63000000000017;196.58609008789062;196.58609008789062;196.58609008789062;0.0;0.0;3.2254;199.8625228881836;-3.27643280029298
2015-09-17;196.58609008789062;196.58609008789062;196.58609008789062;196.58609008789062;196.58609008789062;62;0.0;-245.63000000000017;196.58609008789062;196.58609008789062;196.58609008789062;0.0;0.0;3.2254;196.58608856201172;1.5258789005656581e-06
2015-09-18;262.1147766113281;262.1147766113281;196.58609008789062;196.58609008789062;196.58609008789062;277;0.0;-245.63000000000017;196.58609008789062;262.1147766113281;262.1147766113281;0.0;0.3333332815874237;3.2254;193.30965423583984;3.2764358520507812
2015-09-21;262.1147766113281;262.1147766113281;196.58609008789062;262.1147766113281;262.1147766113281;128;33.33;-212.30000000000018;196.58609008789062;262.1147766113281;262.1147766113281;0.3333332815874237;0.0;3.4302;193.30965423583984;68.80512237548828
2015-09-22;262.1147766113281;262.1147766113281;196.58609008789062;262.1147766113281;262.1147766113281;427;0.0;-212.30000000000018;196.58609008789062;262.1147766113281;262.1147766113281;0.0;-0.2499999708929247;3.2799;196.58608856201172;65.5286880493164
2015-09-23;196.58609008789062;262.1147766113281;131.05738830566406;196.58609008789062;196.58609008789062;65;-25.0;-237.30000000000018;131.05738830566406;262.1147766113281;196.58609008789062;-0.2499999708929247;0.0;3.4302;196.58608856201172;1.5258789005656581e-06
2015-09-24;196.58609008789062;262.1147766113281;196.58609008789062;196.58609008789062;196.58609008789062;102;0.0;-237.30000000000018;196.58609008789062;262.1147766113281;196.58609008789062;0.0;0.3333332815874237;3.4302;196.58608856201172;1.5258789005656581e-06
2015-09-25;196.58609008789062;262.1147766113281;196.58609008789062;262.1147766113281;262.1147766113281;48;33.33;-203.9700000000002;196.58609008789062;262.1147766113281;196.58609008789062;0.3333332815874237;-0.2499999708929247;3.6031;199.8625228881836;62.25225372314452
2015-09-28;196.58609008789062;262.1147766113281;196.58609008789062;196.58609008789062;196.58609008789062;67;-25.0;-228.9700000000002;196.58609008789062;262.1147766113281;196.58609008789062;-0.2499999708929247;0.0;3.7441;199.8625228881836;-3.27643280029298
2015-09-29;196.58609008789062;262.1147766113281;196.58609008789062;196.58609008789062;196.58609008789062;145;0.0;-228.9700000000002;196.58609008789062;262.1147766113281;196.58609008789062;0.0;0.0;3.7441;199.8625228881836;-3.27643280029298
2015-09-30;262.1147766113281;262.1147766113281;196.58609008789062;196.58609008789062;196.58609008789062;97;0.0;-228.9700000000002;196.58609008789062;262.1147766113281;262.1147766113281;0.0;0.0;3.7441;199.8625228881836;-3.27643280029298
2015-10-01;196.58609008789062;196.58609008789062;131.05738830566406;196.58609008789062;196.58609008789062;113;0.0;-228.9700000000002;131.05738830566406;196.58609008789062;196.58609008789062;0.0;0.0;3.5;203.13895797729492;-6.552867889404297
2015-10-02;196.58609008789062;196.58609008789062;196.58609008789062;196.58609008789062;196.58609008789062;55;0.0;-228.9700000000002;196.58609008789062;196.58609008789062;196.58609008789062;0.0;0.0;3.053;203.13895797729492;-6.552867889404297
2015-10-05;196.58609008789062;262.1147766113281;196.58609008789062;196.58609008789062;196.58609008789062;22;0.0;-228.9700000000002;196.58609008789062;262.1147766113281;196.58609008789062;0.0;0.0;2.7616;206.41539306640624;-9.829302978515614
2015-10-06;196.58609008789062;196.58609008789062;196.58609008789062;196.58609008789062;196.58609008789062;10;0.0;-228.9700000000002;196.58609008789062;196.58609008789062;196.58609008789062;0.0;0.0;2.1417;206.41539306640624;-9.829302978515614
2015-10-07;196.58609008789062;262.1147766113281;131.05738830566406;196.58609008789062;196.58609008789062;61;0.0;-228.9700000000002;131.05738830566406;262.1147766113281;196.58609008789062;0.0;0.0;2.1417;206.41539306640624;-9.829302978515614
2015-10-08;196.58609008789062;262.1147766113281;196.58609008789062;196.58609008789062;196.58609008789062;99;0.0;-228.9700000000002;196.58609008789062;262.1147766113281;196.58609008789062;0.0;0.3333332815874237;2.1417;206.41539306640624;-9.829302978515614
2015-10-09;262.1147766113281;262.1147766113281;196.58609008789062;262.1147766113281;262.1147766113281;16;33.33;-195.6400000000002;196.58609008789062;262.1147766113281;262.1147766113281;0.3333332815874237;-0.2499999708929247;2.4317;209.69182739257812;52.422949218750006
2015-10-13;196.58609008789062;262.1147766113281;196.58609008789062;196.58609008789062;196.58609008789062;24;-25.0;-220.6400000000002;196.58609008789062;262.1147766113281;196.58609008789062;-0.2499999708929247;0.0;2.6204;209.69182739257812;-13.105737304687494
2015-10-14;196.58609008789062;262.1147766113281;196.58609008789062;196.58609008789062;196.58609008789062;213;0.0;-220.6400000000002;196.58609008789062;262.1147766113281;196.58609008789062;0.0;0.3333332815874237;2.6204;209.69182739257812;-13.105737304687494
2015-10-15;196.58609008789062;262.1147766113281;196.58609008789062;262.1147766113281;262.1147766113281;5;33.33;-187.31000000000023;196.58609008789062;262.1147766113281;196.58609008789062;0.3333332815874237;-0.2499999708929247;2.8559;212.96826171875;49.146514892578125
2015-10-16;196.58609008789062;196.58609008789062;196.58609008789062;196.58609008789062;196.58609008789062;42;-25.0;-212.31000000000023;196.58609008789062;196.58609008789062;196.58609008789062;-0.2499999708929247;0.3333332815874237;3.0227;212.96826171875;-16.382171630859375
2015-10-19;196.58609008789062;262.1147766113281;196.58609008789062;262.1147766113281;262.1147766113281;14;33.33;-178.98000000000025;196.58609008789062;262.1147766113281;196.58609008789062;0.3333332815874237;-0.2499999708929247;3.2233;216.24469604492188;45.870080566406244
2015-10-20;262.1147766113281;262.1147766113281;196.58609008789062;196.58609008789062;196.58609008789062;13;-25.0;-203.98000000000025;196.58609008789062;262.1147766113281;262.1147766113281;-0.2499999708929247;0.0;3.1678;212.96826171875;-16.382171630859375
2015-10-21;196.58609008789062;262.1147766113281;196.58609008789062;196.58609008789062;196.58609008789062;1;0.0;-203.98000000000025;196.58609008789062;262.1147766113281;196.58609008789062;0.0;0.0;3.1678;209.69182739257812;-13.105737304687494
2015-10-22;196.58609008789062;196.58609008789062;196.58609008789062;196.58609008789062;196.58609008789062;46;0.0;-203.98000000000025;196.58609008789062;196.58609008789062;196.58609008789062;0.0;0.0;3.0227;209.69182739257812;-13.105737304687494
2015-10-23;196.58609008789062;196.58609008789062;196.58609008789062;196.58609008789062;196.58609008789062;31;0.0;-203.98000000000025;196.58609008789062;196.58609008789062;196.58609008789062;0.0;0.0;3.0227;209.69182739257812;-13.105737304687494
2015-10-26;196.58609008789062;262.1147766113281;196.58609008789062;196.58609008789062;196.58609008789062;36;0.0;-203.98000000000025;196.58609008789062;262.1147766113281;196.58609008789062;0.0;0.0;2.7815;206.41539306640624;-9.829302978515614
2015-10-27;196.58609008789062;262.1147766113281;196.58609008789062;196.58609008789062;196.58609008789062;70;0.0;-203.98000000000025;196.58609008789062;262.1147766113281;196.58609008789062;0.0;0.0;2.6204;206.41539306640624;-9.829302978515614
2015-10-28;196.58609008789062;262.1147766113281;131.05738830566406;196.58609008789062;196.58609008789062;0;0.0;-203.98000000000025;131.05738830566406;262.1147766113281;196.58609008789062;0.0;0.0;2.6204;206.41539306640624;-9.829302978515614
2015-10-29;196.58609008789062;262.1147766113281;196.58609008789062;196.58609008789062;196.58609008789062;9;0.0;-203.98000000000025;196.58609008789062;262.1147766113281;196.58609008789062;0.0;0.3333332815874237;2.6204;206.41539306640624;-9.829302978515614
2015-10-30;262.1147766113281;262.1147766113281;196.58609008789062;262.1147766113281;262.1147766113281;26;33.33;-170.65000000000026;196.58609008789062;262.1147766113281;262.1147766113281;0.3333332815874237;0.0;2.8559;209.69182739257812;52.422949218750006
2015-11-03;262.1147766113281;262.1147766113281;262.1147766113281;262.1147766113281;262.1147766113281;59;0.0;-170.65000000000026;262.1147766113281;262.1147766113281;262.1147766113281;0.0;0.0;2.8559;212.96826171875;49.146514892578125
2015-11-04;262.1147766113281;262.1147766113281;196.58609008789062;262.1147766113281;262.1147766113281;67;0.0;-170.65000000000026;196.58609008789062;262.1147766113281;262.1147766113281;0.0;0.0;2.8559;216.24469604492188;45.870080566406244
2015-11-05;196.58609008789062;262.1147766113281;196.58609008789062;262.1147766113281;262.1147766113281;24;0.0;-170.65000000000026;196.58609008789062;262.1147766113281;196.58609008789062;0.0;0.0;2.8559;219.52113037109376;42.593646240234364
2015-11-06;196.58609008789062;262.1147766113281;196.58609008789062;262.1147766113281;262.1147766113281;24;0.0;-170.65000000000026;196.58609008789062;262.1147766113281;196.58609008789062;0.0;0.0;2.8559;222.7975646972656;39.31721191406251
2015-11-09;196.58609008789062;262.1147766113281;196.58609008789062;262.1147766113281;262.1147766113281;169;0.0;-170.65000000000026;196.58609008789062;262.1147766113281;196.58609008789062;0.0;0.0;2.8559;226.0739990234375;36.04077758789063
2015-11-10;196.58609008789062;262.1147766113281;196.58609008789062;262.1147766113281;262.1147766113281;6;0.0;-170.65000000000026;196.58609008789062;262.1147766113281;196.58609008789062;0.0;0.0;2.6204;226.0739990234375;36.04077758789063
2015-11-11;196.58609008789062;262.1147766113281;196.58609008789062;262.1147766113281;262.1147766113281;18;0.0;-170.65000000000026;196.58609008789062;262.1147766113281;196.58609008789062;0.0;-0.2499999708929247;2.4317;229.35043334960938;32.76434326171875
2015-11-12;196.58609008789062;196.58609008789062;131.05738830566406;196.58609008789062;196.58609008789062;102;-25.0;-195.65000000000026;131.05738830566406;196.58609008789062;196.58609008789062;-0.2499999708929247;0.3333332815874237;2.6204;229.35043334960938;-32.76434326171875
2015-11-13;196.58609008789062;262.1147766113281;196.58609008789062;262.1147766113281;262.1147766113281;68;33.33;-162.32000000000028;196.58609008789062;262.1147766113281;196.58609008789062;0.3333332815874237;-0.2499999708929247;2.6204;229.35043334960938;32.76434326171875
2015-11-16;196.58609008789062;196.58609008789062;131.05738830566406;196.58609008789062;196.58609008789062;58;-25.0;-187.32000000000028;131.05738830566406;196.58609008789062;196.58609008789062;-0.2499999708929247;-0.33333335920628815;2.6204;229.35043334960938;-32.76434326171875
2015-11-17;196.58609008789062;196.58609008789062;131.05738830566406;131.05738830566406;131.05738830566406;42;-33.33;-220.65000000000026;131.05738830566406;196.58609008789062;196.58609008789062;-0.33333335920628815;0.0;2.6063;222.79756393432618;-91.74017562866212
2015-11-18;131.05738830566406;196.58609008789062;131.05738830566406;131.05738830566406;131.05738830566406;15;0.0;-220.65000000000026;131.05738830566406;196.58609008789062;131.05738830566406;0.0;0.5000000582141506;2.4618;219.52112884521483;-88.46374053955077
2015-11-19;196.58609008789062;196.58609008789062;196.58609008789062;196.58609008789062;196.58609008789062;35;50.0;-170.65000000000026;196.58609008789062;196.58609008789062;196.58609008789062;0.5000000582141506;0.0;3.053;219.52112884521483;-22.935038757324207
2015-11-23;196.58609008789062;262.1147766113281;196.58609008789062;196.58609008789062;196.58609008789062;146;0.0;-170.65000000000026;196.58609008789062;262.1147766113281;196.58609008789062;0.0;-0.33333335920628815;3.053;219.52112884521483;-22.935038757324207
2015-11-24;196.58609008789062;262.1147766113281;131.05738830566406;131.05738830566406;131.05738830566406;172;-33.33;-203.98000000000025;131.05738830566406;262.1147766113281;196.58609008789062;-0.33333335920628815;0.5000000582141506;3.2967;216.24469375610352;-85.18730545043945
2015-11-25;196.58609008789062;196.58609008789062;196.58609008789062;196.58609008789062;196.58609008789062;95;50.0;-153.98000000000025;196.58609008789062;196.58609008789062;196.58609008789062;0.5000000582141506;0.0;3.7441;216.24469375610352;-19.65860366821289
2015-11-26;196.58609008789062;196.58609008789062;196.58609008789062;196.58609008789062;196.58609008789062;23;0.0;-153.98000000000025;196.58609008789062;196.58609008789062;196.58609008789062;0.0;0.0;3.7441;216.24469375610352;-19.65860366821289
2015-11-27;131.05738830566406;196.58609008789062;131.05738830566406;196.58609008789062;196.58609008789062;21;0.0;-153.98000000000025;131.05738830566406;196.58609008789062;131.05738830566406;0.0;0.0;3.7441;216.24469375610352;-19.65860366821289
2015-11-30;131.05738830566406;196.58609008789062;131.05738830566406;196.58609008789062;196.58609008789062;49;0.0;-153.98000000000025;131.05738830566406;196.58609008789062;131.05738830566406;0.0;0.0;3.7441;216.24469375610352;-19.65860366821289
2015-12-01;196.58609008789062;196.58609008789062;196.58609008789062;196.58609008789062;196.58609008789062;1;0.0;-153.98000000000025;196.58609008789062;196.58609008789062;196.58609008789062;0.0;0.0;3.5626;212.96825942993163;-16.38216934204101
2015-12-02;196.58609008789062;196.58609008789062;196.58609008789062;196.58609008789062;196.58609008789062;0;0.0;-153.98000000000025;196.58609008789062;196.58609008789062;196.58609008789062;0.0;0.0;3.5626;209.69182510375975;-13.10573501586913
2015-12-03;196.58609008789062;196.58609008789062;131.05738830566406;196.58609008789062;196.58609008789062;23;0.0;-153.98000000000025;131.05738830566406;196.58609008789062;196.58609008789062;0.0;0.0;3.5626;206.4153907775879;-9.829300689697277
2015-12-04;131.05738830566406;196.58609008789062;131.05738830566406;196.58609008789062;196.58609008789062;3;0.0;-153.98000000000025;131.05738830566406;196.58609008789062;131.05738830566406;0.0;0.0;3.5626;203.13895645141602;-6.552866363525396
2015-12-07;131.05738830566406;196.58609008789062;131.05738830566406;196.58609008789062;196.58609008789062;100;0.0;-153.98000000000025;131.05738830566406;196.58609008789062;131.05738830566406;0.0;0.0;3.5626;199.86252212524414;-3.2764320373535156
2015-12-08;196.58609008789062;196.58609008789062;131.05738830566406;196.58609008789062;196.58609008789062;40;0.0;-153.98000000000025;131.05738830566406;196.58609008789062;196.58609008789062;0.0;0.0;3.5626;196.58608779907226;2.288818365059342e-06
2015-12-09;131.05738830566406;196.58609008789062;131.05738830566406;196.58609008789062;196.58609008789062;8;0.0;-153.98000000000025;131.05738830566406;196.58609008789062;131.05738830566406;0.0;-0.33333335920628815;3.5626;193.30965347290038;3.2764366149902457
2015-12-10;131.05738830566406;196.58609008789062;131.05738830566406;131.05738830566406;131.05738830566406;176;-33.33;-187.31000000000023;131.05738830566406;196.58609008789062;131.05738830566406;-0.33333335920628815;0.0;3.7637;186.75678405761718;-55.69939575195312
2015-12-11;131.05738830566406;196.58609008789062;131.05738830566406;131.05738830566406;131.05738830566406;111;0.0;-187.31000000000023;131.05738830566406;196.58609008789062;131.05738830566406;0.0;0.5000000582141506;3.6539;183.48034896850587;-52.4229606628418
2015-12-14;196.58609008789062;196.58609008789062;196.58609008789062;196.58609008789062;196.58609008789062;29;50.0;-137.31000000000023;196.58609008789062;196.58609008789062;196.58609008789062;0.5000000582141506;-0.33333335920628815;3.8931;180.20391464233398;16.38217544555664
2015-12-15;131.05738830566406;196.58609008789062;131.05738830566406;131.05738830566406;131.05738830566406;38;-33.33;-170.6400000000002;131.05738830566406;196.58609008789062;131.05738830566406;-0.33333335920628815;0.0;3.9779;176.92747955322267;-45.870091247558605
2015-12-16;196.58609008789062;196.58609008789062;131.05738830566406;131.05738830566406;131.05738830566406;24;0.0;-170.6400000000002;131.05738830566406;196.58609008789062;196.58609008789062;0.0;0.0;3.7686;176.92747955322267;-45.870091247558605
2015-12-17;196.58609008789062;196.58609008789062;131.05738830566406;131.05738830566406;131.05738830566406;40;0.0;-170.6400000000002;131.05738830566406;196.58609008789062;196.58609008789062;0.0;0.0;3.7686;176.92747955322267;-45.870091247558605
2015-12-18;131.05738830566406;196.58609008789062;131.05738830566406;131.05738830566406;131.05738830566406;29;0.0;-170.6400000000002;131.05738830566406;196.58609008789062;131.05738830566406;0.0;0.0;3.3246;173.65104446411132;-42.59365615844726
2015-12-21;196.58609008789062;196.58609008789062;131.05738830566406;131.05738830566406;131.05738830566406;393;0.0;-170.6400000000002;131.05738830566406;196.58609008789062;196.58609008789062;0.0;0.0;3.3246;170.374609375;-39.31722106933594
2015-12-22;131.05738830566406;196.58609008789062;131.05738830566406;131.05738830566406;131.05738830566406;84;0.0;-170.6400000000002;131.05738830566406;196.58609008789062;131.05738830566406;0.0;0.0;3.0831;170.374609375;-39.31722106933594
2015-12-23;131.05738830566406;196.58609008789062;131.05738830566406;131.05738830566406;131.05738830566406;37;0.0;-170.6400000000002;131.05738830566406;196.58609008789062;131.05738830566406;0.0;0.5000000582141506;2.4989;167.09817428588866;-36.0407859802246
2015-12-28;131.05738830566406;196.58609008789062;131.05738830566406;196.58609008789062;196.58609008789062;62;50.0;-120.64000000000021;131.05738830566406;196.58609008789062;131.05738830566406;0.5000000582141506;-0.33333335920628815;3.0831;167.09817428588866;29.487915802001964
2015-12-29;131.05738830566406;196.58609008789062;131.05738830566406;131.05738830566406;131.05738830566406;29;-33.33;-153.9700000000002;131.05738830566406;196.58609008789062;131.05738830566406;-0.33333335920628815;0.5000000582141506;3.3246;163.82173919677734;-32.76435089111328
2015-12-30;196.58609008789062;196.58609008789062;196.58609008789062;196.58609008789062;196.58609008789062;1;50.0;-103.9700000000002;196.58609008789062;196.58609008789062;196.58609008789062;0.5000000582141506;0.0;3.7686;163.82173919677734;32.76435089111328
2016-01-04;196.58609008789062;196.58609008789062;196.58609008789062;196.58609008789062;196.58609008789062;9;0.0;-103.9700000000002;196.58609008789062;196.58609008789062;196.58609008789062;0.0;0.0;3.7686;163.82173919677734;32.76435089111328
2016-01-05;196.58609008789062;196.58609008789062;131.05738830566406;196.58609008789062;196.58609008789062;9;0.0;-103.9700000000002;131.05738830566406;196.58609008789062;196.58609008789062;0.0;-0.33333335920628815;3.7686;163.82173919677734;32.76435089111328
2016-01-06;131.05738830566406;196.58609008789062;131.05738830566406;131.05738830566406;131.05738830566406;144;-33.33;-137.30000000000018;131.05738830566406;196.58609008789062;131.05738830566406;-0.33333335920628815;0.5000000582141506;3.9779;160.54530410766603;-29.487915802001964
2016-01-07;131.05738830566406;196.58609008789062;131.05738830566406;196.58609008789062;196.58609008789062;36;50.0;-87.30000000000018;131.05738830566406;196.58609008789062;131.05738830566406;0.5000000582141506;0.0;4.3432;160.54530410766603;36.0407859802246
2016-01-08;196.58609008789062;196.58609008789062;196.58609008789062;196.58609008789062;196.58609008789062;8;0.0;-87.30000000000018;196.58609008789062;196.58609008789062;196.58609008789062;0.0;0.0;4.3432;160.54530410766603;36.0407859802246
2016-01-11;131.05738830566406;196.58609008789062;131.05738830566406;196.58609008789062;196.58609008789062;6;0.0;-87.30000000000018;131.05738830566406;196.58609008789062;131.05738830566406;0.0;0.0;4.3432;160.54530410766603;36.0407859802246
2016-01-12;196.58609008789062;196.58609008789062;131.05738830566406;196.58609008789062;196.58609008789062;41;0.0;-87.30000000000018;131.05738830566406;196.58609008789062;196.58609008789062;0.0;-0.33333335920628815;4.3432;160.54530410766603;36.0407859802246
2016-01-13;196.58609008789062;196.58609008789062;131.05738830566406;131.05738830566406;131.05738830566406;10;-33.33;-120.63000000000018;131.05738830566406;196.58609008789062;196.58609008789062;-0.33333335920628815;0.0;4.3432;160.54530410766603;-29.487915802001964
2016-01-14;196.58609008789062;196.58609008789062;131.05738830566406;131.05738830566406;131.05738830566406;6;0.0;-120.63000000000018;131.05738830566406;196.58609008789062;196.58609008789062;0.0;0.5000000582141506;4.3432;160.54530410766603;-29.487915802001964
2016-01-15;131.05738830566406;196.58609008789062;131.05738830566406;196.58609008789062;196.58609008789062;10;50.0;-70.63000000000018;131.05738830566406;196.58609008789062;131.05738830566406;0.5000000582141506;0.0;4.3432;160.54530410766603;36.0407859802246
2016-01-18;131.05738830566406;196.58609008789062;131.05738830566406;196.58609008789062;196.58609008789062;19;0.0;-70.63000000000018;131.05738830566406;196.58609008789062;131.05738830566406;0.0;-0.33333335920628815;4.1257;163.82173919677734;32.76435089111328
2016-01-19;131.05738830566406;196.58609008789062;131.05738830566406;131.05738830566406;131.05738830566406;14;-33.33;-103.96000000000018;131.05738830566406;196.58609008789062;131.05738830566406;-0.33333335920628815;0.5000000582141506;4.3432;163.82173919677734;-32.76435089111328
2016-01-20;131.05738830566406;196.58609008789062;131.05738830566406;196.58609008789062;196.58609008789062;28;50.0;-53.96000000000018;131.05738830566406;196.58609008789062;131.05738830566406;0.5000000582141506;0.0;4.6445;167.09817428588866;29.487915802001964
2016-01-21;131.05738830566406;196.58609008789062;131.05738830566406;196.58609008789062;196.58609008789062;3;0.0;-53.96000000000018;131.05738830566406;196.58609008789062;131.05738830566406;0.0;-0.33333335920628815;4.6445;170.374609375;26.21148071289062
2016-01-22;131.05738830566406;196.58609008789062;131.05738830566406;131.05738830566406;131.05738830566406;278;-33.33;-87.29000000000018;131.05738830566406;196.58609008789062;131.05738830566406;-0.33333335920628815;0.5000000582141506;4.8463;170.374609375;-39.31722106933594
2016-01-26;131.05738830566406;196.58609008789062;131.05738830566406;196.58609008789062;196.58609008789062;13;50.0;-37.29000000000018;131.05738830566406;196.58609008789062;131.05738830566406;0.5000000582141506;0.0;5.1073;173.65104446411132;22.935045623779303
2016-01-27;131.05738830566406;196.58609008789062;131.05738830566406;196.58609008789062;196.58609008789062;4;0.0;-37.29000000000018;131.05738830566406;196.58609008789062;131.05738830566406;0.0;0.0;5.1073;176.92747955322267;19.658610534667957
2016-01-28;131.05738830566406;196.58609008789062;131.05738830566406;196.58609008789062;196.58609008789062;18;0.0;-37.29000000000018;131.05738830566406;196.58609008789062;131.05738830566406;0.0;0.0;4.8463;176.92747955322267;19.658610534667957
2016-01-29;131.05738830566406;196.58609008789062;131.05738830566406;196.58609008789062;196.58609008789062;9;0.0;-37.29000000000018;131.05738830566406;196.58609008789062;131.05738830566406;0.0;0.0;4.6445;180.20391464233398;16.38217544555664
2016-02-01;196.58609008789062;196.58609008789062;131.05738830566406;196.58609008789062;196.58609008789062;58;0.0;-37.29000000000018;131.05738830566406;196.58609008789062;196.58609008789062;0.0;0.0;4.3432;180.20391464233398;16.38217544555664
2016-02-02;196.58609008789062;196.58609008789062;196.58609008789062;196.58609008789062;196.58609008789062;4;0.0;-37.29000000000018;196.58609008789062;196.58609008789062;196.58609008789062;0.0;-0.33333335920628815;4.3432;180.20391464233398;16.38217544555664
2016-02-03;131.05738830566406;196.58609008789062;131.05738830566406;131.05738830566406;131.05738830566406;42;-33.33;-70.62000000000018;131.05738830566406;196.58609008789062;131.05738830566406;-0.33333335920628815;0.5000000582141506;4.5341;176.92747955322267;-45.870091247558605
2016-02-04;196.58609008789062;196.58609008789062;131.05738830566406;196.58609008789062;196.58609008789062;46;50.0;-20.620000000000175;131.05738830566406;196.58609008789062;196.58609008789062;0.5000000582141506;-0.33333335920628815;4.6445;180.20391464233398;16.38217544555664
2016-02-05;131.05738830566406;196.58609008789062;131.05738830566406;131.05738830566406;131.05738830566406;6;-33.33;-53.95000000000017;131.05738830566406;196.58609008789062;131.05738830566406;-0.33333335920628815;0.5000000582141506;4.5341;176.92747955322267;-45.870091247558605
2016-02-10;131.05738830566406;196.58609008789062;131.05738830566406;196.58609008789062;196.58609008789062;7;50.0;-3.9500000000001734;131.05738830566406;196.58609008789062;131.05738830566406;0.5000000582141506;0.0;4.8463;176.92747955322267;19.658610534667957
2016-02-11;196.58609008789062;196.58609008789062;196.58609008789062;196.58609008789062;196.58609008789062;0;0.0;-3.9500000000001734;196.58609008789062;196.58609008789062;196.58609008789062;0.0;-0.33333335920628815;4.8463;176.92747955322267;19.658610534667957
2016-02-12;131.05738830566406;196.58609008789062;131.05738830566406;131.05738830566406;131.05738830566406;5;-33.33;-37.28000000000017;131.05738830566406;196.58609008789062;131.05738830566406;-0.33333335920628815;0.5000000582141506;5.0255;173.65104446411132;-42.59365615844726
2016-02-15;131.05738830566406;196.58609008789062;131.05738830566406;196.58609008789062;196.58609008789062;12;50.0;12.719999999999828;131.05738830566406;196.58609008789062;131.05738830566406;0.5000000582141506;0.0;5.1073;176.92747955322267;19.658610534667957
2016-02-16;196.58609008789062;196.58609008789062;131.05738830566406;196.58609008789062;196.58609008789062;78;0.0;12.719999999999828;131.05738830566406;196.58609008789062;196.58609008789062;0.0;0.0;5.1073;180.20391464233398;16.38217544555664
2016-02-17;131.05738830566406;196.58609008789062;131.05738830566406;196.58609008789062;196.58609008789062;2;0.0;12.719999999999828;131.05738830566406;196.58609008789062;131.05738830566406;0.0;0.0;4.8463;180.20391464233398;16.38217544555664
2016-02-18;196.58609008789062;196.58609008789062;131.05738830566406;196.58609008789062;196.58609008789062;9;0.0;12.719999999999828;131.05738830566406;196.58609008789062;196.58609008789062;0.0;0.0;4.8463;180.20391464233398;16.38217544555664
2016-02-19;196.58609008789062;196.58609008789062;131.05738830566406;196.58609008789062;196.58609008789062;6;0.0;12.719999999999828;131.05738830566406;196.58609008789062;196.58609008789062;0.0;0.0;4.6445;183.4803497314453;13.105740356445324
2016-02-22;131.05738830566406;196.58609008789062;131.05738830566406;196.58609008789062;196.58609008789062;23;0.0;12.719999999999828;131.05738830566406;196.58609008789062;131.05738830566406;0.0;0.0;4.3432;183.4803497314453;13.105740356445324
2016-02-23;196.58609008789062;196.58609008789062;131.05738830566406;196.58609008789062;196.58609008789062;12;0.0;12.719999999999828;131.05738830566406;196.58609008789062;196.58609008789062;0.0;0.0;4.3432;183.4803497314453;13.105740356445324
2016-02-24;131.05738830566406;196.58609008789062;131.05738830566406;196.58609008789062;196.58609008789062;2;0.0;12.719999999999828;131.05738830566406;196.58609008789062;131.05738830566406;0.0;0.0;4.1257;186.75678482055665;9.829305267333979
2016-02-25;131.05738830566406;196.58609008789062;131.05738830566406;196.58609008789062;196.58609008789062;3;0.0;12.719999999999828;131.05738830566406;196.58609008789062;131.05738830566406;0.0;0.0;3.7686;186.75678482055665;9.829305267333979
2016-02-26;196.58609008789062;196.58609008789062;131.05738830566406;196.58609008789062;196.58609008789062;4;0.0;12.719999999999828;131.05738830566406;196.58609008789062;196.58609008789062;0.0;-0.33333335920628815;3.7686;186.75678482055665;9.829305267333979
2016-02-29;131.05738830566406;196.58609008789062;131.05738830566406;131.05738830566406;131.05738830566406;52;-33.33;-20.61000000000017;131.05738830566406;196.58609008789062;131.05738830566406;-0.33333335920628815;0.0;3.9779;183.4803497314453;-52.42296142578124
2016-03-01;131.05738830566406;196.58609008789062;131.05738830566406;131.05738830566406;131.05738830566406;21;0.0;-20.61000000000017;131.05738830566406;196.58609008789062;131.05738830566406;0.0;0.0;3.9779;180.20391464233398;-49.14652633666992
2016-03-02;131.05738830566406;196.58609008789062;131.05738830566406;131.05738830566406;131.05738830566406;7;0.0;-20.61000000000017;131.05738830566406;196.58609008789062;131.05738830566406;0.0;0.5000000582141506;3.9779;176.92747955322267;-45.870091247558605
2016-03-03;196.58609008789062;196.58609008789062;131.05738830566406;196.58609008789062;196.58609008789062;4;50.0;29.38999999999983;131.05738830566406;196.58609008789062;196.58609008789062;0.5000000582141506;0.0;4.3432;176.92747955322267;19.658610534667957
2016-03-04;131.05738830566406;196.58609008789062;131.05738830566406;196.58609008789062;196.58609008789062;24;0.0;29.38999999999983;131.05738830566406;196.58609008789062;131.05738830566406;0.0;0.0;4.1257;180.20391464233398;16.38217544555664
2016-03-07;196.58609008789062;196.58609008789062;131.05738830566406;196.58609008789062;196.58609008789062;12;0.0;29.38999999999983;131.05738830566406;196.58609008789062;196.58609008789062;0.0;0.0;3.7686;180.20391464233398;16.38217544555664
2016-03-08;131.05738830566406;196.58609008789062;131.05738830566406;196.58609008789062;196.58609008789062;121;0.0;29.38999999999983;131.05738830566406;196.58609008789062;131.05738830566406;0.0;-0.33333335920628815;3.5262;183.4803497314453;13.105740356445324
2016-03-09;196.58609008789062;196.58609008789062;131.05738830566406;131.05738830566406;131.05738830566406;18;-33.33;-3.9400000000001683;131.05738830566406;196.58609008789062;196.58609008789062;-0.33333335920628815;0.5000000582141506;3.3246;180.20391464233398;-49.14652633666992
2016-03-10;196.58609008789062;196.58609008789062;131.05738830566406;196.58609008789062;196.58609008789062;15;50.0;46.05999999999983;131.05738830566406;196.58609008789062;196.58609008789062;0.5000000582141506;0.0;3.7686;180.20391464233398;16.38217544555664
2016-03-11;196.58609008789062;196.58609008789062;131.05738830566406;196.58609008789062;196.58609008789062;40;0.0;46.05999999999983;131.05738830566406;196.58609008789062;196.58609008789062;0.0;-0.33333335920628815;3.5262;183.4803497314453;13.105740356445324
2016-03-14;196.58609008789062;196.58609008789062;131.05738830566406;131.05738830566406;131.05738830566406;28;-33.33;12.729999999999833;131.05738830566406;196.58609008789062;196.58609008789062;-0.33333335920628815;0.5000000582141506;3.3246;180.20391464233398;-49.14652633666992
2016-03-15;131.05738830566406;196.58609008789062;131.05738830566406;196.58609008789062;196.58609008789062;32;50.0;62.72999999999983;131.05738830566406;196.58609008789062;131.05738830566406;0.5000000582141506;0.0;3.7686;180.20391464233398;16.38217544555664
2016-03-16;196.58609008789062;196.58609008789062;131.05738830566406;196.58609008789062;196.58609008789062;31;0.0;62.72999999999983;131.05738830566406;196.58609008789062;196.58609008789062;0.0;0.0;3.7686;180.20391464233398;16.38217544555664
2016-03-17;196.58609008789062;196.58609008789062;131.05738830566406;196.58609008789062;196.58609008789062;52;0.0;62.72999999999983;131.05738830566406;196.58609008789062;196.58609008789062;0.0;0.0;3.7686;180.20391464233398;16.38217544555664
2016-03-18;131.05738830566406;196.58609008789062;131.05738830566406;196.58609008789062;196.58609008789062;102;0.0;62.72999999999983;131.05738830566406;196.58609008789062;131.05738830566406;0.0;0.3333332815874237;3.7686;180.20391464233398;16.38217544555664
2016-03-21;196.58609008789062;262.1147766113281;131.05738830566406;262.1147766113281;262.1147766113281;735;33.33;96.05999999999983;131.05738830566406;262.1147766113281;196.58609008789062;0.3333332815874237;-0.2499999708929247;3.9219;183.48034896850587;78.63442764282226
2016-03-22;196.58609008789062;262.1147766113281;196.58609008789062;196.58609008789062;196.58609008789062;140;-25.0;71.05999999999983;196.58609008789062;262.1147766113281;196.58609008789062;-0.2499999708929247;0.0;4.0553;183.48034896850587;13.10574111938476
2016-03-23;196.58609008789062;262.1147766113281;196.58609008789062;196.58609008789062;196.58609008789062;130;0.0;71.05999999999983;196.58609008789062;262.1147766113281;196.58609008789062;0.0;0.0;4.0553;183.48034896850587;13.10574111938476
2016-03-24;196.58609008789062;262.1147766113281;131.05738830566406;196.58609008789062;196.58609008789062;140;0.0;71.05999999999983;131.05738830566406;262.1147766113281;196.58609008789062;0.0;0.3333332815874237;4.0553;183.48034896850587;13.10574111938476
2016-03-28;196.58609008789062;262.1147766113281;131.05738830566406;262.1147766113281;262.1147766113281;97;33.33;104.38999999999983;131.05738830566406;262.1147766113281;196.58609008789062;0.3333332815874237;0.0;4.1937;186.75678329467775;75.35799331665038
2016-03-29;196.58609008789062;262.1147766113281;196.58609008789062;262.1147766113281;262.1147766113281;24;0.0;104.38999999999983;196.58609008789062;262.1147766113281;196.58609008789062;0.0;0.0;3.9541;193.30965270996094;68.80512390136718
2016-03-30;196.58609008789062;262.1147766113281;131.05738830566406;262.1147766113281;262.1147766113281;605;0.0;104.38999999999983;131.05738830566406;262.1147766113281;196.58609008789062;0.0;-0.2499999708929247;3.9541;199.86252212524414;62.252254486083984
2016-03-31;196.58609008789062;262.1147766113281;131.05738830566406;196.58609008789062;196.58609008789062;363;-25.0;79.38999999999983;131.05738830566406;262.1147766113281;196.58609008789062;-0.2499999708929247;0.3333332815874237;4.1033;203.13895721435546;-6.552867126464832
2016-04-01;262.1147766113281;393.17218017578125;196.58609008789062;262.1147766113281;262.1147766113281;2692;33.33;112.71999999999983;196.58609008789062;393.17218017578125;262.1147766113281;0.3333332815874237;0.5000000582141506;3.8984;206.41539154052734;55.69938507080079
2016-04-04;327.6434631347656;393.17218017578125;262.1147766113281;393.17218017578125;393.17218017578125;2107;50.0;162.71999999999983;262.1147766113281;393.17218017578125;327.6434631347656;0.5000000582141506;-0.1666667184125763;4.2184;216.24469604492188;176.92748413085937
2016-04-05;458.70086669921875;524.2295532226562;262.1147766113281;327.6434631347656;327.6434631347656;4953;-16.67;146.04999999999984;262.1147766113281;524.2295532226562;458.70086669921875;-0.1666667184125763;-0.19999998137147135;4.2941;222.7975646972656;104.84589843750001
2016-04-06;327.6434631347656;393.17218017578125;262.1147766113281;262.1147766113281;262.1147766113281;778;-20.0;126.04999999999984;262.1147766113281;393.17218017578125;327.6434631347656;-0.19999998137147135;0.0;4.3878;226.0739990234375;36.04077758789063
2016-04-07;262.1147766113281;327.6434631347656;196.58609008789062;262.1147766113281;262.1147766113281;2530;0.0;126.04999999999984;196.58609008789062;327.6434631347656;262.1147766113281;0.0;0.0;4.1567;232.6268684387207;29.487908172607433
2016-04-08;262.1147766113281;327.6434631347656;196.58609008789062;262.1147766113281;262.1147766113281;1213;0.0;126.04999999999984;196.58609008789062;327.6434631347656;262.1147766113281;0.0;0.0;3.8287;235.90330276489257;26.211473846435553
2016-04-11;262.1147766113281;327.6434631347656;262.1147766113281;262.1147766113281;262.1147766113281;457;0.0;126.04999999999984;262.1147766113281;327.6434631347656;262.1147766113281;0.0;0.0;3.8287;239.17973709106445;22.935039520263672
2016-04-12;262.1147766113281;327.6434631347656;196.58609008789062;262.1147766113281;262.1147766113281;644;0.0;126.04999999999984;196.58609008789062;327.6434631347656;262.1147766113281;0.0;0.0;3.5718;245.73260650634765;16.382170104980474
2016-04-13;262.1147766113281;327.6434631347656;196.58609008789062;262.1147766113281;262.1147766113281;217;0.0;126.04999999999984;196.58609008789062;327.6434631347656;262.1147766113281;0.0;0.0;3.1667;249.00904083251953;13.105735778808594
2016-04-14;196.58609008789062;262.1147766113281;196.58609008789062;262.1147766113281;262.1147766113281;118;0.0;126.04999999999984;196.58609008789062;262.1147766113281;196.58609008789062;0.0;-0.2499999708929247;3.1667;252.2854751586914;9.829301452636713
2016-04-15;262.1147766113281;327.6434631347656;196.58609008789062;196.58609008789062;196.58609008789062;652;-25.0;101.04999999999984;196.58609008789062;327.6434631347656;262.1147766113281;-0.2499999708929247;0.0;3.3204;252.2854751586914;-55.69938507080079
2016-04-18;196.58609008789062;262.1147766113281;196.58609008789062;196.58609008789062;196.58609008789062;558;0.0;101.04999999999984;196.58609008789062;262.1147766113281;196.58609008789062;0.0;0.0;3.3204;252.2854751586914;-55.69938507080079
2016-04-19;262.1147766113281;262.1147766113281;196.58609008789062;196.58609008789062;196.58609008789062;617;0.0;101.04999999999984;196.58609008789062;262.1147766113281;262.1147766113281;0.0;0.0;3.106;249.00904083251953;-52.422950744628906
2016-04-20;262.1147766113281;262.1147766113281;196.58609008789062;196.58609008789062;196.58609008789062;104;0.0;101.04999999999984;196.58609008789062;262.1147766113281;262.1147766113281;0.0;0.0;2.9598;249.00904083251953;-52.422950744628906
2016-04-22;262.1147766113281;262.1147766113281;196.58609008789062;196.58609008789062;196.58609008789062;448;0.0;101.04999999999984;196.58609008789062;262.1147766113281;262.1147766113281;0.0;0.0;2.9598;249.00904083251953;-52.422950744628906
2016-04-25;196.58609008789062;262.1147766113281;196.58609008789062;196.58609008789062;196.58609008789062;104;0.0;101.04999999999984;196.58609008789062;262.1147766113281;196.58609008789062;0.0;0.0;2.9598;249.00904083251953;-52.422950744628906
2016-04-26;196.58609008789062;262.1147766113281;196.58609008789062;196.58609008789062;196.58609008789062;160;0.0;101.04999999999984;196.58609008789062;262.1147766113281;196.58609008789062;0.0;0.0;2.7103;245.73260650634765;-49.146516418457026
2016-04-27;196.58609008789062;262.1147766113281;196.58609008789062;196.58609008789062;196.58609008789062;145;0.0;101.04999999999984;196.58609008789062;262.1147766113281;196.58609008789062;0.0;0.0;2.7103;242.45617218017577;-45.870082092285145
2016-04-28;196.58609008789062;262.1147766113281;196.58609008789062;196.58609008789062;196.58609008789062;113;0.0;101.04999999999984;196.58609008789062;262.1147766113281;196.58609008789062;0.0;0.3333332815874237;2.7103;239.17973785400392;-42.59364776611329
2016-04-29;196.58609008789062;262.1147766113281;196.58609008789062;262.1147766113281;262.1147766113281;938;33.33;134.37999999999982;196.58609008789062;262.1147766113281;196.58609008789062;0.3333332815874237;-0.2000000698569806;2.7911;242.45617218017577;19.658604431152355
2016-05-02;203.13893127441406;215.58938598632812;172.34043884277344;209.69180297851562;209.69180297851562;2150;-20.0;114.37999999999982;172.34043884277344;215.58938598632812;203.13893127441406;-0.2000000698569806;-0.17812505594016514;2.6548;239.83502349853515;-30.143220520019526
2016-05-03;207.07064819335938;207.07064819335938;172.34043884277344;172.34043884277344;172.34043884277344;2434;-17.81;96.56999999999982;172.34043884277344;207.07064819335938;207.07064819335938;-0.17812505594016514;-0.02281366431085985;1.9654;228.79343643188477;-56.452997589111334
2016-05-04;172.9957275390625;180.20388793945312;164.4770050048828;168.40872192382812;168.40872192382812;343;-2.28;94.28999999999982;164.4770050048828;180.20388793945312;172.9957275390625;-0.02281366431085985;-0.0583657414798483;1.901;220.8316993713379;-52.422977447509766
2016-05-05;163.82171630859375;163.82171630859375;148.7501220703125;158.5794219970703;158.5794219970703;700;-5.84;88.44999999999982;148.7501220703125;163.82171630859375;163.82171630859375;-0.0583657414798483;-0.08264466626978406;1.7923;215.654931640625;-57.07550964355468
2016-05-06;152.6818389892578;154.647705078125;142.8525390625;145.4736785888672;145.4736785888672;468;-8.26;80.18999999999981;142.8525390625;154.647705078125;152.6818389892578;-0.08264466626978406;-0.24774771514668448;1.8048;209.82287673950196;-64.34919815063478
2016-05-09;147.43954467773438;147.43954467773438;109.43290710449219;109.43290710449219;109.43290710449219;4709;-24.77;55.41999999999982;109.43290710449219;147.43954467773438;147.43954467773438;-0.24774771514668448;0.20958086504145745;1.9697;202.18878326416015;-92.75587615966796
2016-05-10;112.0540542602539;149.40541076660156;111.39876556396484;132.36795043945312;132.36795043945312;2653;20.96;76.37999999999982;111.39876556396484;149.40541076660156;112.0540542602539;0.20958086504145745;-0.014851526236831836;2.1517;195.7014419555664;-63.33349151611327
2016-05-11;136.29966735839844;145.4736785888672;130.40208435058594;130.40208435058594;130.40208435058594;1579;-1.49;74.88999999999983;130.40208435058594;145.4736785888672;136.29966735839844;-0.014851526236831836;-0.04522614064938446;2.15;189.1158073425293;-58.71372299194337
2016-05-12;132.36795043945312;132.36795043945312;122.53864288330078;124.50450134277344;124.50450134277344;297;-4.52;70.36999999999983;122.53864288330078;132.36795043945312;132.36795043945312;-0.04522614064938446;-0.010526284182894474;2.1489;182.23529357910155;-57.730792236328114
2016-05-13;123.8492202758789;131.057373046875;123.19393157958984;123.19393157958984;123.19393157958984;314;-1.05;69.31999999999984;123.19393157958984;131.057373046875;123.8492202758789;-0.010526284182894474;-0.053191513738386154;2.1474;175.28925132751465;-52.095319747924805
2016-05-16;123.19393157958984;127.12564849853516;116.64105987548828;116.64105987548828;116.64105987548828;518;-5.32;63.99999999999984;116.64105987548828;127.12564849853516;123.19393157958984;-0.053191513738386154;-0.07303371705184925;1.9855;171.29199981689453;-54.65093994140625
2016-05-17;116.64105987548828;117.9516372680664;108.12232971191406;108.12232971191406;108.12232971191406;698;-7.3;56.69999999999984;108.12232971191406;117.9516372680664;116.64105987548828;-0.07303371705184925;0.018181869500085046;1.9934;166.8688117980957;-58.74648208618163
2016-05-18;108.12232971191406;116.64105987548828;105.50118255615234;110.08819580078125;110.08819580078125;206;1.82;58.51999999999984;105.50118255615234;116.64105987548828;108.12232971191406;0.018181869500085046;-0.017857192358976204;1.9971;162.54391708374024;-52.45572128295899
2016-05-19;108.12232971191406;108.77761840820312;108.12232971191406;108.12232971191406;108.12232971191406;97;-1.79;56.72999999999984;108.12232971191406;108.77761840820312;108.12232971191406;-0.017857192358976204;0.060606090541716284;1.9956;158.1207290649414;-49.99839935302734
2016-05-20;110.08819580078125;120.57278442382812;110.08819580078125;114.67520141601562;114.67520141601562;273;6.06;62.78999999999984;110.08819580078125;120.57278442382812;110.08819580078125;0.060606090541716284;0.0;2.016;154.02518463134766;-39.34998321533203
2016-05-23;117.29634857177734;117.9516372680664;114.67520141601562;114.67520141601562;114.67520141601562;105;0.0;62.78999999999984;114.67520141601562;117.9516372680664;117.29634857177734;0.0;-0.028571441877521697;2.016;149.9296401977539;-35.25443878173829
2016-05-24;118.60692596435547;118.60692596435547;111.39876556396484;111.39876556396484;111.39876556396484;62;-2.86;59.92999999999984;111.39876556396484;118.60692596435547;118.60692596435547;-0.028571441877521697;0.058823557612394994;2.015;145.6702739715576;-34.27150840759276
2016-05-25;119.91749572753906;119.91749572753906;111.39876556396484;117.9516372680664;117.9516372680664;16;5.88;65.80999999999985;111.39876556396484;119.91749572753906;119.91749572753906;0.058823557612394994;-0.055555580709820696;2.0337;141.7385513305664;-23.78691406249999
2016-05-27;111.39876556396484;111.39876556396484;111.39876556396484;111.39876556396484;111.39876556396484;12;-5.56;60.249999999999844;111.39876556396484;111.39876556396484;111.39876556396484;-0.055555580709820696;-0.011764670430132074;2.0368;137.47918510437012;-26.080419540405273
2016-05-30;110.74347686767578;112.0540542602539;110.08819580078125;110.08819580078125;110.08819580078125;30;-1.18;59.069999999999844;110.08819580078125;112.0540542602539;110.74347686767578;-0.011764670430132074;0.011904725603417488;1.5528;129.87785606384278;-19.789660263061535
2016-05-31;111.39876556396484;114.67520141601562;111.39876556396484;111.39876556396484;111.39876556396484;160;1.19;60.25999999999984;111.39876556396484;114.67520141601562;111.39876556396484;0.011904725603417488;-0.011764670430132074;1.4368;124.96320419311523;-13.564438629150388
2016-06-01;111.39876556396484;111.39876556396484;109.43290710449219;110.08819580078125;110.08819580078125;80;-1.18;59.07999999999984;109.43290710449219;111.39876556396484;111.39876556396484;-0.011764670430132074;0.19047616407521262;1.3215;121.85059204101563;-11.76239624023438
2016-06-02;110.74347686767578;144.16311645507812;110.74347686767578;131.057373046875;131.057373046875;1010;19.05;78.12999999999984;110.74347686767578;144.16311645507812;110.74347686767578;0.19047616407521262;0.019999939457276295;1.5155;119.98302459716797;11.074348449707031
2016-06-03;127.78093719482422;137.61024475097656;127.78093719482422;133.6785125732422;133.6785125732422;190;2.0;80.12999999999984;127.78093719482422;137.61024475097656;127.78093719482422;0.019999939457276295;0.05392160835453108;1.5065;118.73797912597657;14.940533447265622
2016-06-06;136.29966735839844;144.16311645507812;134.9890899658203;140.8866729736328;140.8866729736328;518;5.39;85.51999999999984;134.9890899658203;144.16311645507812;136.29966735839844;0.05392160835453108;0.1162790722861724;1.49;118.50862884521484;22.37804412841797
2016-06-07;140.8866729736328;168.40872192382812;138.9208221435547;157.2688446044922;157.2688446044922;1495;11.63;97.14999999999984;138.9208221435547;168.40872192382812;140.8866729736328;0.1162790722861724;0.008333356780702683;1.2132;120.90042572021484;36.36841888427735
2016-06-08;159.23471069335938;169.0640106201172;151.3712615966797;158.5794219970703;158.5794219970703;300;0.83;97.97999999999983;151.3712615966797;169.0640106201172;159.23471069335938;0.008333356780702683;-0.0909090559193646;0.9872;122.2109992980957;36.36842269897461
2016-06-09;150.71597290039062;155.95826721191406;144.16311645507812;144.16311645507812;144.16311645507812;343;-9.09;88.88999999999983;144.16311645507812;155.95826721191406;150.71597290039062;-0.0909090559193646;-0.11363641174723538;1.0485;122.89905090332032;21.26406555175781
2016-06-10;135.64437866210938;135.64437866210938;127.78093719482422;127.78093719482422;127.78093719482422;393;-11.36;77.52999999999983;127.78093719482422;135.64437866210938;135.64437866210938;-0.11363641174723538;0.0;1.1194;123.06287269592285;4.71806449890137
2016-06-13;131.057373046875;132.36795043945312;127.12564849853516;127.78093719482422;127.78093719482422;94;0.0;77.52999999999983;127.12564849853516;132.36795043945312;131.057373046875;0.0;-0.04615385625807866;1.1183;123.29222297668457;4.488714218139648
2016-06-14;126.47036743164062;128.4362335205078;121.22807312011719;121.88335418701172;121.88335418701172;62;-4.62;72.90999999999983;121.22807312011719;128.4362335205078;126.47036743164062;-0.04615385625807866;0.021505374324864324;1.1138;123.55433769226075;-1.6709835052490263
2016-06-15;121.88335418701172;125.1597900390625;121.88335418701172;124.50450134277344;124.50450134277344;178;2.15;75.05999999999983;121.88335418701172;125.1597900390625;121.88335418701172;0.021505374324864324;-0.026315741096266998;1.0764;124.37344627380371;0.1310550689697294
2016-06-16;124.50450134277344;126.47036743164062;121.22807312011719;121.22807312011719;121.22807312011719;431;-2.63;72.42999999999984;121.22807312011719;126.47036743164062;124.50450134277344;-0.026315741096266998;-0.0216216185599567;1.0831;124.93044013977051;-3.702367019653323
2016-06-17;121.22807312011719;131.057373046875;118.60692596435547;118.60692596435547;118.60692596435547;297;-2.16;70.26999999999984;118.60692596435547;131.057373046875;121.22807312011719;-0.0216216185599567;-0.03867407579560256;1.0843;125.45466995239258;-6.847743988037109
2016-06-20;121.22807312011719;123.19393157958984;111.39876556396484;114.01991271972656;114.01991271972656;508;-3.87;66.39999999999984;111.39876556396484;123.19393157958984;121.22807312011719;-0.03867407579560256;0.005747142588153231;1.0762;125.42190551757812;-11.401992797851562
2016-06-21;115.33049011230469;123.8492202758789;110.74347686767578;114.67520141601562;114.67520141601562;442;0.57;66.96999999999983;110.74347686767578;123.8492202758789;115.33049011230469;0.005747142588153231;-0.005714301681597478;1.0762;125.42190551757812;-10.7467041015625
2016-06-22;120.57278442382812;120.57278442382812;111.39876556396484;114.01991271972656;114.01991271972656;231;-0.57;66.39999999999984;111.39876556396484;120.57278442382812;120.57278442382812;-0.005714301681597478;0.011494285176306684;1.0706;125.5529628753662;-11.533050155639643
2016-06-23;115.33049011230469;117.9516372680664;115.33049011230469;115.33049011230469;115.33049011230469;21;1.15;67.54999999999984;115.33049011230469;117.9516372680664;115.33049011230469;0.011494285176306684;-0.028409103688541548;1.0511;125.42190551757812;-10.091415405273438
2016-06-24;111.39876556396484;115.33049011230469;111.39876556396484;112.0540542602539;112.0540542602539;134;-2.84;64.70999999999984;111.39876556396484;115.33049011230469;111.39876556396484;-0.028409103688541548;0.07017543023496264;1.036;125.45466995239258;-13.400615692138672
2016-06-27;111.39876556396484;119.91749572753906;110.08819580078125;119.91749572753906;119.91749572753906;122;7.02;71.72999999999983;110.08819580078125;119.91749572753906;111.39876556396484;0.07017543023496264;-0.05464477084808039;1.0619;125.94613494873047;-6.028639221191412
2016-06-28;117.9516372680664;117.9516372680664;113.36463165283203;113.36463165283203;113.36463165283203;50;-5.46;66.26999999999984;113.36463165283203;117.9516372680664;117.9516372680664;-0.05464477084808039;0.04046240479377761;1.0833;126.04442825317383;-12.679796600341803
2016-06-29;115.98577880859375;127.12564849853516;112.70934295654297;117.9516372680664;117.9516372680664;187;4.05;70.31999999999984;112.70934295654297;127.12564849853516;115.98577880859375;0.04046240479377761;-0.044444438694898114;1.0897;126.43760032653809;-8.485963058471683
2016-06-30;115.33049011230469;117.9516372680664;112.0540542602539;112.70934295654297;112.70934295654297;425;-4.44;65.87999999999984;112.0540542602539;117.9516372680664;115.33049011230469;-0.044444438694898114;0.017441841181086604;0.8549;125.52019882202148;-12.810855865478516
2016-07-01;114.67520141601562;114.67520141601562;114.67520141601562;114.67520141601562;114.67520141601562;9;1.74;67.61999999999983;114.67520141601562;114.67520141601562;114.67520141601562;0.017441841181086604;0.08571425910209962;0.8539;124.57003326416016;-9.894831848144534
2016-07-04;117.9516372680664;128.4362335205078;112.0540542602539;124.50450134277344;124.50450134277344;701;8.57;76.18999999999983;112.0540542602539;128.4362335205078;117.9516372680664;0.08571425910209962;0.0;0.8903;123.75092468261718;0.7535766601562557
2016-07-05;126.47036743164062;146.7842559814453;124.50450134277344;124.50450134277344;124.50450134277344;2337;0.0;76.18999999999983;124.50450134277344;146.7842559814453;126.47036743164062;0.0;-0.015789456913372524;0.7681;122.11270751953126;2.391793823242182
2016-07-06;119.91749572753906;129.0915069580078;119.91749572753906;122.53864288330078;122.53864288330078;599;-1.58;74.60999999999983;119.91749572753906;129.0915069580078;119.91749572753906;-0.015789456913372524;-0.037433135436327536;0.765;120.31066856384277;2.2279743194580135
2016-07-07;122.53864288330078;127.12564849853516;117.9516372680664;117.9516372680664;117.9516372680664;291;-3.74;70.86999999999983;117.9516372680664;127.12564849853516;122.53864288330078;-0.037433135436327536;0.005555571007461291;0.7133;119.00009460449219;-1.048457336425784
2016-07-08;117.9516372680664;119.91749572753906;117.9516372680664;118.60692596435547;118.60692596435547;53;0.56;71.42999999999984;117.9516372680664;119.91749572753906;117.9516372680664;0.005555571007461291;0.055248578625807676;0.5976;118.54139404296875;0.06553192138672159
2016-07-11;118.60692596435547;126.47036743164062;118.60692596435547;125.1597900390625;125.1597900390625;421;5.52;76.94999999999983;118.60692596435547;126.47036743164062;118.60692596435547;0.055248578625807676;0.020942406142928638;0.6325;118.41033668518067;6.749453353881833
2016-07-12;131.057373046875;136.29966735839844;120.57278442382812;127.78093719482422;127.78093719482422;1110;2.09;79.03999999999984;120.57278442382812;136.29966735839844;131.057373046875;0.020942406142928638;-0.01025637933133483;0.6125;118.7052158355713;9.075721359252924
2016-07-13;124.50450134277344;127.78093719482422;121.88335418701172;126.47036743164062;126.47036743164062;364;-1.03;78.00999999999983;121.88335418701172;127.78093719482422;124.50450134277344;-0.01025637933133483;0.04663213310422498;0.6102;118.80350914001465;7.666858291625971
2016-07-14;130.40208435058594;136.29966735839844;125.81507873535156;132.36795043945312;132.36795043945312;1010;4.66;82.66999999999983;125.81507873535156;136.29966735839844;130.40208435058594;0.04663213310422498;0.1485148012660944;0.6209;119.36050300598144;13.007447433471683
2016-07-15;132.36795043945312;157.92413330078125;130.40208435058594;152.02655029296875;152.02655029296875;4462;14.85;97.51999999999983;130.40208435058594;157.92413330078125;132.36795043945312;0.1485148012660944;0.29741382598302635;0.7935;121.0314842224121;30.995066070556646
2016-07-18;157.2688446044922;197.24134826660156;157.2688446044922;197.24134826660156;197.24134826660156;4948;29.74;127.25999999999982;157.2688446044922;197.24134826660156;157.2688446044922;0.29741382598302635;0.05647840788574765;1.2596;125.19255599975585;72.04879226684571
2016-07-19;211.65765380859375;268.0123291015625;203.79421997070312;208.3812255859375;208.3812255859375;9340;5.65;132.90999999999983;203.79421997070312;268.0123291015625;211.65765380859375;0.05647840788574765;-0.1540880397221186;1.2593;129.87785720825195;78.50336837768555
2016-07-20;212.96823120117188;221.48695373535156;173.65101623535156;176.2721710205078;176.2721710205078;3883;-15.41;117.49999999999983;173.65101623535156;221.48695373535156;212.96823120117188;-0.1540880397221186;0.029739772768292205;1.4196;132.990470123291;43.28170089721681
2016-07-21;173.65101623535156;190.03318786621094;160.5452880859375;181.51446533203125;181.51446533203125;3281;2.97;120.46999999999983;160.5452880859375;190.03318786621094;173.65101623535156;0.029739772768292205;0.08303246912422035;1.4187;136.29966888427734;45.21479644775391
2016-07-22;190.03318786621094;206.4153594970703;188.0673370361328;196.5860595703125;196.5860595703125;3532;8.3;128.76999999999984;188.0673370361328;206.4153594970703;190.03318786621094;0.08303246912422035;0.06333335506661864;1.4167;140.52626914978026;56.05979042053224
2016-07-25;196.5860595703125;212.96823120117188;186.7567596435547;209.03651428222656;209.03651428222656;3366;6.33;135.09999999999985;186.7567596435547;212.96823120117188;196.5860595703125;0.06333335506661864;0.09090905109319625;1.4145;144.98222007751465;64.05429420471191
2016-07-26;209.03651428222656;229.35040283203125;201.17306518554688;228.03982543945312;228.03982543945312;2626;9.09;144.18999999999986;201.17306518554688;229.35040283203125;209.03651428222656;0.09090905109319625;0.0;1.3908;150.7159797668457;77.32384567260743
2016-07-27;232.6268310546875;240.4902801513672;214.27880859375;228.03982543945312;228.03982543945312;3078;0.0;144.18999999999986;214.27880859375;240.4902801513672;232.6268310546875;0.0;-0.01149421826348107;1.3976;156.22038917541505;71.81943626403807
2016-07-28;229.35040283203125;234.5926971435547;220.83168029785156;225.41868591308594;225.41868591308594;560;-1.15;143.03999999999985;220.83168029785156;234.5926971435547;229.35040283203125;-0.01149421826348107;-0.05523257604613374;1.3769;161.8558563232422;63.562829589843744
2016-07-29;223.45281982421875;229.35040283203125;207.72593688964844;212.96823120117188;212.96823120117188;1252;-5.52;137.51999999999984;207.72593688964844;229.35040283203125;223.45281982421875;-0.05523257604613374;-0.02769231342416323;1.4153;166.7705078125;46.197723388671875
2016-08-01;212.96823120117188;227.38453674316406;207.07064819335938;207.07064819335938;207.07064819335938;1643;-2.77;134.74999999999983;207.07064819335938;227.38453674316406;212.96823120117188;-0.02769231342416323;-0.015822755427880697;1.4187;170.8988151550293;36.17183303833008
2016-08-02;209.03651428222656;216.24465942382812;201.82835388183594;203.79421997070312;203.79421997070312;1587;-1.58;133.16999999999982;201.82835388183594;216.24465942382812;209.03651428222656;-0.015822755427880697;0.12861734528773816;1.4241;174.8633010864258;28.930918884277332
2016-08-03;199.20721435546875;230.0056915283203;196.5860595703125;230.0056915283203;230.0056915283203;2041;12.86;146.0299999999998;196.5860595703125;230.0056915283203;199.20721435546875;0.12861734528773816;0.03988601833941652;1.4564;180.23665351867675;49.769038009643566
2016-08-04;233.93740844726562;247.6984405517578;219.52110290527344;239.17970275878906;239.17970275878906;3068;3.99;150.0199999999998;219.52110290527344;247.6984405517578;233.93740844726562;0.03988601833941652;0.17808218129375275;1.4305;186.29805679321288;52.88164596557618
2016-08-05;239.17970275878906;281.7733459472656;239.17970275878906;281.7733459472656;281.7733459472656;5112;17.81;167.8299999999998;239.17970275878906;281.7733459472656;239.17970275878906;0.17808218129375275;-0.18604649399679352;1.5052;194.4563777923584;87.31696815490722
2016-08-08;268.0123291015625;281.7733459472656;229.35040283203125;229.35040283203125;229.35040283203125;3596;-18.6;149.22999999999982;229.35040283203125;281.7733459472656;268.0123291015625;-0.18604649399679352;0.028571441877521586;1.7188;199.66590843200683;29.68449440002442
2016-08-09;222.7975311279297;241.14556884765625;212.96823120117188;235.9032745361328;235.9032745361328;1255;2.86;152.08999999999983;212.96823120117188;241.14556884765625;222.7975311279297;0.028571441877521586;-0.08333337106473115;1.7181;205.07202529907227;30.831249237060547
2016-08-10;242.45614624023438;251.63015747070312;216.24465942382812;216.24465942382812;216.24465942382812;1103;-8.33;143.75999999999982;216.24465942382812;251.63015747070312;242.45614624023438;-0.08333337106473115;0.060606090541716284;1.7635;209.56073989868165;6.683919525146479
2016-08-11;224.1081085205078;229.35040283203125;211.0023651123047;229.35040283203125;229.35040283203125;1155;6.06;149.81999999999982;211.0023651123047;229.35040283203125;224.1081085205078;0.060606090541716284;-0.054285732914244655;1.7656;214.40986251831055;14.940540313720703
2016-08-12;226.073974609375;230.66098022460938;216.24465942382812;216.8999481201172;216.8999481201172;248;-5.43;144.38999999999982;216.24465942382812;230.66098022460938;226.073974609375;-0.054285732914244655;-0.039274894291178475;1.7371;217.65353240966797;-0.7535842895507869
2016-08-15;222.7975311279297;228.6951141357422;208.3812255859375;208.3812255859375;208.3812255859375;1051;-3.93;140.4599999999998;208.3812255859375;228.6951141357422;222.7975311279297;-0.039274894291178475;0.0;1.4138;218.21052627563478;-9.829300689697277
2016-08-16;208.3812255859375;216.24465942382812;207.07064819335938;208.3812255859375;208.3812255859375;428;0.0;140.4599999999998;207.07064819335938;216.24465942382812;208.3812255859375;0.0;0.037735807608290095;1.4015;218.21052627563478;-9.829300689697277
2016-08-17;209.03651428222656;226.073974609375;208.3812255859375;216.24465942382812;216.24465942382812;879;3.77;144.22999999999982;208.3812255859375;226.073974609375;209.03651428222656;0.037735807608290095;-0.033333286291588715;1.2746;220.2091506958008;-3.964491271972662
2016-08-18;218.86581420898438;221.48695373535156;205.76007080078125;209.03651428222656;209.03651428222656;361;-3.33;140.8999999999998;205.76007080078125;221.48695373535156;218.86581420898438;-0.033333286291588715;-0.037617586208230636;1.2835;221.58525314331055;-12.54873886108399
2016-08-19;210.34707641601562;210.34707641601562;195.27548217773438;201.17306518554688;201.17306518554688;846;-3.76;137.13999999999982;195.27548217773438;210.34707641601562;210.34707641601562;-0.037617586208230636;-0.032573305467397895;1.264;221.81460342407226;-20.641538238525385
2016-08-22;201.17306518554688;205.1047821044922;182.82504272460938;194.6201934814453;194.6201934814453;2141;-3.26;133.87999999999982;182.82504272460938;205.1047821044922;201.17306518554688;-0.032573305467397895;-0.04040399763881808;1.2502;221.0937873840332;-26.47359390258788
2016-08-23;190.6884765625;199.86248779296875;185.44618225097656;186.7567596435547;186.7567596435547;506;-4.04;129.83999999999983;185.44618225097656;199.86248779296875;190.6884765625;-0.04040399763881808;-0.010526345030933526;1.2089;219.02963409423828;-32.27287445068359
2016-08-24;192.6543426513672;192.6543426513672;181.51446533203125;184.7908935546875;184.7908935546875;540;-1.05;128.78999999999982;181.51446533203125;192.6543426513672;192.6543426513672;-0.010526345030933526;-0.04609925505695245;1.2087;216.8671875;-32.0762939453125
2016-08-25;188.0673370361328;191.34376525878906;170.3745880126953;176.2721710205078;176.2721710205078;482;-4.61;124.17999999999982;170.3745880126953;191.34376525878906;188.0673370361328;-0.04609925505695245;-0.0594795455365843;1.2163;214.40986175537108;-38.13769073486327
2016-08-26;178.23802185058594;178.893310546875;163.1664276123047;165.78758239746094;165.78758239746094;863;-5.95;118.22999999999982;163.1664276123047;178.893310546875;178.23802185058594;-0.0594795455365843;0.007905068128969406;1.2186;212.05082931518555;-46.263246917724615
2016-08-29;165.78758239746094;171.02987670898438;161.2005615234375;167.09814453125;167.09814453125;392;0.79;119.01999999999983;161.2005615234375;171.02987670898438;165.78758239746094;0.007905068128969406;0.019607898643258626;1.2181;210.05220413208008;-42.95405960083008
2016-08-30;170.3745880126953;174.30630493164062;169.71929931640625;170.3745880126953;170.3745880126953;71;1.96;120.97999999999982;169.71929931640625;174.30630493164062;170.3745880126953;0.019607898643258626;0.0;1.2215;208.3812225341797;-38.006634521484386
2016-08-31;174.30630493164062;182.1697540283203;170.3745880126953;170.3745880126953;170.3745880126953;190;0.0;120.97999999999982;170.3745880126953;182.1697540283203;174.30630493164062;0.0;-0.026923062111191;1.114;205.39966735839843;-35.02507934570312
2016-09-01;171.68516540527344;171.68516540527344;163.82171630859375;165.78758239746094;165.78758239746094;227;-2.69;118.28999999999982;163.82171630859375;171.68516540527344;171.68516540527344;-0.026923062111191;0.05533593709373763;1.0974;201.73006134033204;-35.942478942871105
2016-09-02;164.4770050048828;174.9615936279297;163.82171630859375;174.9615936279297;174.9615936279297;115;5.53;123.81999999999982;163.82171630859375;174.9615936279297;164.4770050048828;0.05533593709373763;0.01872655681008406;0.8733;196.38947372436525;-21.42788009643556
2016-09-05;175.61688232421875;180.20388793945312;174.9615936279297;178.23802185058594;178.23802185058594;167;1.87;125.68999999999983;174.9615936279297;180.20388793945312;175.61688232421875;0.01872655681008406;-0.018382319264083957;0.6324;193.83385467529297;-15.595832824707031
2016-09-06;176.2721710205078;176.2721710205078;174.9615936279297;174.9615936279297;174.9615936279297;53;-1.84;123.84999999999982;174.9615936279297;176.2721710205078;176.2721710205078;-0.018382319264083957;-0.01872655681008395;0.6144;190.78677062988282;-15.825177001953136
2016-09-08;180.20388793945312;180.20388793945312;171.02987670898438;171.68516540527344;171.68516540527344;158;-1.87;121.97999999999982;171.02987670898438;180.20388793945312;180.20388793945312;-0.01872655681008395;-0.041984759623088674;0.5581;188.55879592895508;-16.87363052368164
2016-09-09;168.40872192382812;170.3745880126953;162.51113891601562;164.4770050048828;164.4770050048828;219;-4.2;117.77999999999982;162.51113891601562;170.3745880126953;168.40872192382812;-0.041984759623088674;-0.003984074833254692;0.4995;185.31512603759765;-20.838121032714838
2016-09-12;162.51113891601562;173.65101623535156;160.5452880859375;163.82171630859375;163.82171630859375;131;-0.4;117.37999999999981;160.5452880859375;173.65101623535156;162.51113891601562;-0.003984074833254692;-0.05999998137146967;0.4799;182.66121444702148;-18.83949813842773
2016-09-13;165.13229370117188;165.13229370117188;153.99241638183594;153.99241638183594;153.99241638183594;350;-6.0;111.37999999999981;153.99241638183594;165.13229370117188;165.13229370117188;-0.05999998137146967;0.0;0.4999;179.9417739868164;-25.949357604980463
2016-09-14;152.02655029296875;154.647705078125;152.02655029296875;153.99241638183594;153.99241638183594;100;0.0;111.37999999999981;152.02655029296875;154.647705078125;152.02655029296875;0.0;0.004255330955156955;0.4999;177.22233352661132;-23.229917144775385
2016-09-15;153.99241638183594;154.647705078125;151.3712615966797;154.647705078125;154.647705078125;122;0.43;111.80999999999982;151.3712615966797;154.647705078125;153.99241638183594;0.004255330955156955;-0.0042372998419731855;0.4665;174.14248580932616;-19.49478073120116
2016-09-16;151.3712615966797;159.23471069335938;150.71597290039062;153.99241638183594;153.99241638183594;219;-0.42;111.38999999999982;150.71597290039062;159.23471069335938;151.3712615966797;-0.0042372998419731855;0.0;0.4638;171.39028091430663;-17.39786453247069
2016-09-19;153.99241638183594;153.99241638183594;153.99241638183594;153.99241638183594;153.99241638183594;0;0.0;111.38999999999982;153.99241638183594;153.99241638183594;153.99241638183594;0.0;-0.1063829766151505;0.4584;169.0312484741211;-15.038832092285162
2016-09-20;133.0232391357422;145.4736785888672;121.22807312011719;137.61024475097656;137.61024475097656;1579;-10.64;100.74999999999982;121.22807312011719;145.4736785888672;133.0232391357422;-0.1063829766151505;-0.057142904664617133;0.5633;166.18075103759764;-28.570506286621082
2016-09-21;137.61024475097656;139.5760955810547;129.74679565429688;129.74679565429688;129.74679565429688;407;-5.71;95.03999999999982;129.74679565429688;139.5760955810547;137.61024475097656;-0.057142904664617133;-0.020202018420135914;0.5757;163.33025283813475;-33.58345718383788
2016-09-22;136.9549560546875;136.9549560546875;125.1597900390625;127.12564849853516;127.12564849853516;404;-2.02;93.01999999999983;125.1597900390625;136.9549560546875;136.9549560546875;-0.020202018420135914;-0.020618554844909376;0.5752;160.44699058532714;-33.32134208679199
2016-09-23;127.12564849853516;127.12564849853516;115.98577880859375;124.50450134277344;124.50450134277344;511;-2.06;90.95999999999982;115.98577880859375;127.12564849853516;127.12564849853516;-0.020618554844909376;0.0;0.5656;157.85860710144044;-33.354105758667004
2016-09-26;121.22807312011719;125.1597900390625;121.22807312011719;124.50450134277344;124.50450134277344;178;0.0;90.95999999999982;121.22807312011719;125.1597900390625;121.22807312011719;0.0;0.07368417311444642;0.5449;155.79445304870606;-31.289951705932623
2016-09-27;125.81507873535156;133.6785125732422;125.81507873535156;133.6785125732422;133.6785125732422;241;7.37;98.32999999999983;125.81507873535156;133.6785125732422;125.81507873535156;0.07368417311444642;0.318627561209051;0.6237;154.12347145080565;-20.444958877563465
2016-09-28;134.33380126953125;182.1697540283203;127.12564849853516;176.2721710205078;176.2721710205078;4555;31.86;130.18999999999983;127.12564849853516;182.1697540283203;134.33380126953125;0.318627561209051;0.0;1.3241;154.4183506011963;21.853820419311518
2016-09-29;178.23802185058594;219.52110290527344;176.2721710205078;176.2721710205078;176.2721710205078;13406;0.0;130.18999999999983;176.2721710205078;219.52110290527344;178.23802185058594;0.0;0.04460961587053802;1.3241;154.7132297515869;21.558941268920904
2016-09-30;213.62351989746094;215.58938598632812;176.2721710205078;184.13560485839844;184.13560485839844;12234;4.46;134.64999999999984;176.2721710205078;215.58938598632812;213.62351989746094;0.04460961587053802;-0.1032028062787761;1.3258;155.6306308746338;28.504973983764643
2016-10-03;184.7908935546875;184.7908935546875;165.13229370117188;165.13229370117188;165.13229370117188;2534;-10.32;124.32999999999984;165.13229370117188;184.7908935546875;184.7908935546875;-0.1032028062787761;-0.11904767184957465;1.3698;155.1391658782959;9.993127822875977
2016-10-04;163.82171630859375;169.0640106201172;144.81838989257812;145.4736785888672;145.4736785888672;4240;-11.9;112.42999999999984;144.81838989257812;169.0640106201172;163.82171630859375;-0.11904767184957465;0.0225225863072116;1.431;153.50094871520997;-8.027270126342785
2016-10-05;147.43954467773438;152.6818389892578;143.50782775878906;148.7501220703125;148.7501220703125;1571;2.25;114.67999999999984;143.50782775878906;152.6818389892578;147.43954467773438;0.0225225863072116;0.0660792730113633;1.434;152.1903751373291;-3.440253067016613
2016-10-06;152.6818389892578;175.61688232421875;152.6818389892578;158.5794219970703;158.5794219970703;4961;6.61;121.28999999999984;152.6818389892578;175.61688232421875;152.6818389892578;0.0660792730113633;0.01239672880699172;1.4543;151.53508796691895;7.0443340301513615
2016-10-07;164.4770050048828;165.13229370117188;159.23471069335938;160.5452880859375;160.5452880859375;1674;1.24;122.52999999999983;159.23471069335938;165.13229370117188;164.4770050048828;0.01239672880699172;-0.004081643903110388;1.4465;151.33850212097167;9.206785964965832
2016-10-10;163.82171630859375;164.4770050048828;157.2688446044922;159.88999938964844;159.88999938964844;604;-0.41;122.11999999999983;157.2688446044922;164.4770050048828;163.82171630859375;-0.004081643903110388;-0.01639348799275775;1.4465;151.1419162750244;8.748083114624023
2016-10-11;163.1664276123047;163.1664276123047;157.2688446044922;157.2688446044922;157.2688446044922;888;-1.64;120.47999999999983;157.2688446044922;163.1664276123047;163.1664276123047;-0.01639348799275775;-0.029166651708862013;1.4297;151.30573768615722;5.963106918334972
2016-10-13;156.61355590820312;156.61355590820312;152.6818389892578;152.6818389892578;152.6818389892578;114;-2.92;117.55999999999983;152.6818389892578;156.61355590820312;156.61355590820312;-0.029166651708862013;-0.008583715006670434;1.4347;151.2402088165283;1.4416301727295036
2016-10-14;153.33712768554688;157.2688446044922;151.3712615966797;151.3712615966797;151.3712615966797;306;-0.86;116.69999999999983;151.3712615966797;157.2688446044922;153.33712768554688;-0.008583715006670434;-0.030303015029736646;1.4353;151.07638664245604;0.2948749542236442
2016-10-17;152.6818389892578;152.6818389892578;145.4736785888672;146.7842559814453;146.7842559814453;796;-3.03;113.66999999999983;145.4736785888672;152.6818389892578;152.6818389892578;-0.030303015029736646;0.0044642982444376145;1.4399;150.71597862243652;-3.931722640991211
2016-10-18;148.7501220703125;150.71597290039062;147.43954467773438;147.43954467773438;147.43954467773438;254;0.45;114.11999999999983;147.43954467773438;150.71597290039062;148.7501220703125;0.0044642982444376145;0.008888913726929237;1.4399;150.38833503723146;-2.9487903594970817
2016-10-19;148.7501220703125;158.5794219970703;147.43954467773438;148.7501220703125;148.7501220703125;936;0.89;115.00999999999983;147.43954467773438;158.5794219970703;148.7501220703125;0.008888913726929237;0.14537444165700353;1.3825;150.94532890319823;-2.195206832885731
2016-10-20;150.06069946289062;171.68516540527344;146.12896728515625;170.3745880126953;170.3745880126953;3419;14.54;129.54999999999984;146.12896728515625;171.68516540527344;150.06069946289062;0.14537444165700353;-0.05769228874687227;1.4432;152.97671852111816;17.397869491577154
2016-10-21;171.68516540527344;172.34043884277344;157.92413330078125;160.5452880859375;160.5452880859375;1689;-5.77;123.77999999999984;157.92413330078125;172.34043884277344;171.68516540527344;-0.05769228874687227;-0.024489863418662106;1.4621;154.64770050048827;5.89758758544923
2016-10-24;163.82171630859375;163.82171630859375;154.647705078125;156.61355590820312;156.61355590820312;734;-2.45;121.32999999999984;154.647705078125;163.82171630859375;163.82171630859375;-0.024489863418662106;-0.0418409275449525;1.4634;156.25315322875977;0.3604026794433537
2016-10-25;155.95826721191406;155.95826721191406;149.40541076660156;150.06069946289062;150.06069946289062;821;-4.18;117.14999999999984;149.40541076660156;155.95826721191406;155.95826721191406;-0.0418409275449525;-0.00873364843206148;1.4767;157.5309631347656;-7.470263671874989
2016-10-26;151.3712615966797;153.33712768554688;147.43954467773438;148.7501220703125;148.7501220703125;883;-0.87;116.27999999999983;147.43954467773438;153.33712768554688;151.3712615966797;-0.00873364843206148;0.026431688688543398;1.4607;158.28454360961913;-9.534421539306635
2016-10-27;152.02655029296875;155.30299377441406;148.7501220703125;152.6818389892578;152.6818389892578;853;2.64;118.91999999999983;148.7501220703125;155.30299377441406;152.02655029296875;0.026431688688543398;-0.008583715006670434;0.8996;157.10502700805665;-4.4231880187988395
2016-10-28;153.33712768554688;154.647705078125;150.06069946289062;151.3712615966797;151.3712615966797;344;-0.86;118.05999999999983;150.06069946289062;154.647705078125;153.33712768554688;-0.008583715006670434;-0.004329016547639286;0.8994;155.85998153686523;-4.488719940185547
2016-10-31;150.06069946289062;150.71597290039062;149.40541076660156;150.71597290039062;150.71597290039062;106;-0.43;117.62999999999982;149.40541076660156;150.71597290039062;150.06069946289062;-0.004329016547639286;-0.021739090818341245;0.8794;154.18899993896486;-3.47302703857423
2016-11-01;150.71597290039062;151.3712615966797;147.43954467773438;147.43954467773438;147.43954467773438;160;-2.17;115.45999999999982;147.43954467773438;151.3712615966797;150.71597290039062;-0.021739090818341245;-0.03555555141588218;0.8077;153.30436248779296;-5.864817810058582
2016-11-03;147.43954467773438;148.7501220703125;140.8866729736328;142.19725036621094;142.19725036621094;941;-3.56;111.89999999999982;140.8866729736328;148.7501220703125;147.43954467773438;-0.03555555141588218;-0.0368663549964755;0.6974;153.14054107666016;-10.943290710449219
2016-11-04;144.16311645507812;144.16311645507812;136.9549560546875;136.9549560546875;136.9549560546875;787;-3.69;108.20999999999982;136.9549560546875;144.16311645507812;144.16311645507812;-0.0368663549964755;0.019138697874654165;0.7035;152.5507827758789;-15.5958267211914
2016-11-07;142.19725036621094;144.16311645507812;139.5760955810547;139.5760955810547;139.5760955810547;302;1.91;110.11999999999982;139.5760955810547;144.16311645507812;142.19725036621094;0.019138697874654165;-0.014084437753429713;0.6606;151.60061645507812;-12.024520874023438
2016-11-08;141.54196166992188;141.54196166992188;134.33380126953125;137.61024475097656;137.61024475097656;572;-1.41;108.70999999999982;134.33380126953125;141.54196166992188;141.54196166992188;-0.014084437753429713;0.02857139689025523;0.6577;150.45386428833007;-12.843619537353504
2016-11-09;135.64437866210938;141.54196166992188;132.36795043945312;141.54196166992188;141.54196166992188;405;2.86;111.56999999999982;132.36795043945312;141.54196166992188;135.64437866210938;0.02857139689025523;-0.013888927818109686;0.6697;149.53646240234374;-7.994500732421869
2016-11-10;141.54196166992188;143.50782775878906;132.36795043945312;139.5760955810547;139.5760955810547;148;-1.39;110.17999999999982;132.36795043945312;143.50782775878906;141.54196166992188;-0.013888927818109686;-0.07511736575951333;0.6692;148.65182495117188;-9.075729370117188
2016-11-11;133.6785125732422;140.23138427734375;129.0915069580078;129.0915069580078;129.0915069580078;599;-7.51;102.66999999999982;129.0915069580078;140.23138427734375;133.6785125732422;-0.07511736575951333;0.040609134055803464;0.7097;147.47230834960936;-18.38080139160155
2016-11-14;131.057373046875;136.9549560546875;131.057373046875;134.33380126953125;134.33380126953125;218;4.06;106.72999999999982;131.057373046875;136.9549560546875;131.057373046875;0.040609134055803464;0.06341470063723209;0.7298;146.62043533325195;-12.286634063720697
2016-11-16;131.057373046875;143.50782775878906;131.057373046875;142.8525390625;142.8525390625;792;6.34;113.06999999999982;131.057373046875;143.50782775878906;131.057373046875;0.06341470063723209;-0.036697242806652985;0.7618;146.4238494873047;-3.571310424804693
2016-11-17;143.50782775878906;145.4736785888672;134.33380126953125;137.61024475097656;137.61024475097656;259;-3.67;109.39999999999982;134.33380126953125;145.4736785888672;143.50782775878906;-0.036697242806652985;-0.014285753887181007;0.7724;145.9323844909668;-8.322139739990234
2016-11-18;137.61024475097656;142.19725036621094;131.71266174316406;135.64437866210938;135.64437866210938;238;-1.43;107.96999999999981;131.71266174316406;142.19725036621094;137.61024475097656;-0.014285753887181007;-0.004830931460281018;0.7723;145.27709732055663;-9.63271865844726
2016-11-21;134.33380126953125;135.64437866210938;130.40208435058594;134.9890899658203;134.9890899658203;183;-0.48;107.48999999999981;130.40208435058594;135.64437866210938;134.33380126953125;-0.004830931460281018;-0.07281551367778405;0.5361;143.5078224182129;-8.518732452392584
2016-11-22;131.71266174316406;134.33380126953125;121.22807312011719;125.1597900390625;125.1597900390625;1866;-7.28;100.20999999999981;121.22807312011719;134.33380126953125;131.71266174316406;-0.07281551367778405;0.005235616775040475;0.5559;141.73854751586913;-16.57875747680663
2016-11-23;127.78093719482422;129.0915069580078;125.1597900390625;125.81507873535156;125.81507873535156;347;0.52;100.7299999999998;125.1597900390625;129.0915069580078;127.78093719482422;0.005235616775040475;0.005208347861606066;0.5569;140.19862365722656;-14.383544921875
2016-11-24;125.81507873535156;129.0915069580078;125.1597900390625;126.47036743164062;126.47036743164062;180;0.52;101.2499999999998;125.1597900390625;129.0915069580078;125.81507873535156;0.005208347861606066;-0.01036272305673902;0.5465;139.01910705566405;-12.548739624023426
2016-11-25;125.1597900390625;127.78093719482422;124.50450134277344;125.1597900390625;125.1597900390625;93;-1.04;100.2099999999998;124.50450134277344;127.78093719482422;125.1597900390625;-0.01036272305673902;-0.010471172592847577;0.5466;137.83959045410157;-12.679800415039068
2016-11-28;125.81507873535156;125.81507873535156;123.8492202758789;123.8492202758789;123.8492202758789;119;-1.05;99.1599999999998;123.8492202758789;125.81507873535156;125.81507873535156;-0.010471172592847577;0.0;0.5312;136.39795951843263;-12.548739242553722
2016-11-29;123.8492202758789;123.8492202758789;121.88335418701172;123.8492202758789;123.8492202758789;189;0.0;99.1599999999998;121.88335418701172;123.8492202758789;123.8492202758789;0.0;-0.02116401823057923;0.5323;135.02185745239257;-11.17263717651366
2016-11-30;124.50450134277344;124.50450134277344;121.22807312011719;121.22807312011719;121.22807312011719;161;-2.12;97.0399999999998;121.22807312011719;124.50450134277344;124.50450134277344;-0.02116401823057923;-0.0216216185599567;0.5335;133.5474624633789;-12.319389343261719
2016-12-01;122.53864288330078;122.53864288330078;118.60692596435547;118.60692596435547;118.60692596435547;308;-2.16;94.8799999999998;118.60692596435547;122.53864288330078;122.53864288330078;-0.0216216185599567;0.04419888863065968;0.5335;132.10583152770997;-13.498905563354498
2016-12-02;118.60692596435547;123.8492202758789;118.60692596435547;123.8492202758789;123.8492202758789;7;4.42;99.2999999999998;118.60692596435547;123.8492202758789;118.60692596435547;0.04419888863065968;0.0;0.5579;131.18843002319335;-7.339209747314442
2016-12-05;125.1597900390625;126.47036743164062;121.22807312011719;123.8492202758789;123.8492202758789;158;0.0;99.2999999999998;121.22807312011719;126.47036743164062;125.1597900390625;0.0;-0.07407409460816794;0.5464;130.53314323425292;-6.683922958374012
2016-12-06;117.9516372680664;119.26220703125;114.67520141601562;114.67520141601562;114.67520141601562;926;-7.41;91.8899999999998;114.67520141601562;119.26220703125;117.9516372680664;-0.07407409460816794;-0.011428536832729375;0.5913;129.28809852600097;-14.61289710998534
2016-12-07;116.64105987548828;116.64105987548828;113.36463165283203;113.36463165283203;113.36463165283203;537;-1.14;90.7499999999998;113.36463165283203;116.64105987548828;116.64105987548828;-0.011428536832729375;0.00578029547082437;0.5911;128.07581787109376;-14.71118621826173
2016-12-08;121.22807312011719;121.22807312011719;111.39876556396484;114.01991271972656;114.01991271972656;132;0.58;91.3299999999998;111.39876556396484;121.22807312011719;121.22807312011719;0.00578029547082437;0.0;0.5773;126.69971542358398;-12.679802703857419
2016-12-09;117.29634857177734;117.29634857177734;108.77761840820312;114.01991271972656;114.01991271972656;318;0.0;91.3299999999998;108.77761840820312;117.29634857177734;117.29634857177734;0.0;0.028735646027940875;0.5782;125.42190628051758;-11.401993560791013
2016-12-12;110.08819580078125;117.29634857177734;110.08819580078125;117.29634857177734;117.29634857177734;1709;2.87;94.1999999999998;110.08819580078125;117.29634857177734;110.08819580078125;0.028735646027940875;-0.044692732342946795;0.5378;124.83214836120605;-7.535799789428708
2016-12-13;121.22807312011719;127.78093719482422;112.0540542602539;112.0540542602539;112.0540542602539;970;-4.47;89.7299999999998;112.0540542602539;127.78093719482422;121.22807312011719;-0.044692732342946795;0.005847969541263653;0.5286;123.7181610107422;-11.664106750488287
2016-12-14;114.67520141601562;116.64105987548828;112.0540542602539;112.70934295654297;112.70934295654297;196;0.58;90.3099999999998;112.0540542602539;116.64105987548828;114.67520141601562;0.005847969541263653;0.0;0.4598;122.21100120544433;-9.501658248901364
2016-12-15;115.33049011230469;115.33049011230469;112.70934295654297;112.70934295654297;112.70934295654297;74;0.0;90.3099999999998;112.70934295654297;115.33049011230469;115.33049011230469;0.0;-0.005813969623988724;0.4513;120.96595611572266;-8.256613159179693
2016-12-16;111.39876556396484;112.0540542602539;110.74347686767578;112.0540542602539;112.0540542602539;140;-0.58;89.7299999999998;110.74347686767578;112.0540542602539;111.39876556396484;-0.005813969623988724;-0.023391810078320807;0.4512;119.78643989562988;-7.732385635375977
2016-12-19;112.0540542602539;114.67520141601562;108.77761840820312;109.43290710449219;109.43290710449219;405;-2.34;87.3899999999998;108.77761840820312;114.67520141601562;112.0540542602539;-0.023391810078320807;-0.011976081301821928;0.4536;118.50863075256348;-9.075723648071289
2016-12-20;110.74347686767578;111.39876556396484;108.12232971191406;108.12232971191406;108.12232971191406;433;-1.2;86.1899999999998;108.12232971191406;111.39876556396484;110.74347686767578;-0.011976081301821928;0.018181869500085046;0.3887;117.65675773620606;-9.534428024291998
2016-12-21;110.08819580078125;110.08819580078125;110.08819580078125;110.08819580078125;110.08819580078125;4;1.82;88.00999999999979;110.08819580078125;110.08819580078125;110.08819580078125;0.018181869500085046;0.011904725603417488;0.3968;116.87041358947754;-6.782217788696286
2016-12-22;110.74347686767578;111.39876556396484;108.77761840820312;111.39876556396484;111.39876556396484;53;1.19;89.19999999999979;108.77761840820312;111.39876556396484;110.74347686767578;0.011904725603417488;-0.04117644923632957;0.4001;116.11683349609375;-4.718067932128903
2016-12-23;108.77761840820312;108.77761840820312;105.50118255615234;106.81175994873047;106.81175994873047;109;-4.12;85.07999999999979;105.50118255615234;108.77761840820312;108.77761840820312;-0.04117644923632957;-0.02453987423313564;0.419;115.19943199157714;-8.387672042846674
2016-12-26;105.50118255615234;108.77761840820312;104.19061279296875;104.19061279296875;104.19061279296875;256;-2.45;82.62999999999978;104.19061279296875;108.77761840820312;105.50118255615234;-0.02453987423313564;0.006289325676499757;0.4233;114.21650161743165;-10.025888824462896
2016-12-27;104.84590148925781;107.46704864501953;104.84590148925781;104.84590148925781;104.84590148925781;422;0.63;83.25999999999978;104.84590148925781;107.46704864501953;104.84590148925781;0.006289325676499757;-0.018750051846982307;0.4255;113.26633567810059;-8.420434188842776
2016-12-28;108.12232971191406;108.12232971191406;95.01659393310547;102.88003540039062;102.88003540039062;695;-1.88;81.37999999999978;95.01659393310547;108.12232971191406;108.12232971191406;-0.018750051846982307;-0.006369370542538166;0.4246;112.34893379211425;-9.468898391723627
2016-12-29;99.60359954833984;103.53532409667969;99.60359954833984;102.2247543334961;102.2247543334961;91;-0.64;80.73999999999978;99.60359954833984;103.53532409667969;99.60359954833984;-0.006369370542538166;0.0;0.4214;111.52982521057129;-9.305070877075195
2017-01-02;102.2247543334961;105.50118255615234;102.2247543334961;102.2247543334961;102.2247543334961;44;0.0;80.73999999999978;102.2247543334961;105.50118255615234;102.2247543334961;0.0;-0.006410274111799397;0.377;110.44860191345215;-8.223847579956058
2017-01-03;102.88003540039062;105.50118255615234;98.94831848144531;101.56946563720703;101.56946563720703;201;-0.64;80.09999999999978;98.94831848144531;105.50118255615234;102.88003540039062;-0.006410274111799397;0.038709634773396395;0.3756;109.33461418151856;-7.765148544311529
2017-01-04;104.84590148925781;114.67520141601562;104.84590148925781;105.50118255615234;105.50118255615234;1043;3.87;83.96999999999979;104.84590148925781;114.67520141601562;104.84590148925781;0.038709634773396395;0.006211197641697419;0.3293;108.87591323852538;-3.374730682373041
2017-01-05;108.77761840820312;108.77761840820312;103.53532409667969;106.1564712524414;106.1564712524414;544;0.62;84.58999999999979;103.53532409667969;108.77761840820312;108.77761840820312;0.006211197641697419;-0.030864212170913063;0.3299;108.51550521850587;-2.359033966064459
2017-01-06;105.50118255615234;105.50118255615234;102.88003540039062;102.88003540039062;102.88003540039062;76;-3.09;81.49999999999979;102.88003540039062;105.50118255615234;105.50118255615234;-0.030864212170913063;0.019108334102106328;0.3423;107.95851135253906;-5.0784759521484375
2017-01-09;100.91417694091797;108.12232971191406;100.2588882446289;104.84590148925781;104.84590148925781;186;1.91;83.40999999999978;100.2588882446289;108.12232971191406;100.91417694091797;0.019108334102106328;0.012499961796960335;0.3525;107.49981079101562;-2.653909301757807
2017-01-10;108.12232971191406;110.08819580078125;106.1564712524414;106.1564712524414;106.1564712524414;238;1.25;84.65999999999978;106.1564712524414;110.08819580078125;108.12232971191406;0.012499961796960335;0.012345713616097376;0.3369;106.94281692504883;-0.7863456726074247
2017-01-11;112.0540542602539;112.0540542602539;104.84590148925781;107.46704864501953;107.46704864501953;552;1.23;85.88999999999979;104.84590148925781;112.0540542602539;112.0540542602539;0.012345713616097376;0.0548780587368054;0.3067;106.71346664428711;0.7535820007324219
2017-01-12;112.70934295654297;121.22807312011719;110.08819580078125;113.36463165283203;113.36463165283203;1307;5.49;91.37999999999978;110.08819580078125;121.22807312011719;112.70934295654297;0.0548780587368054;-0.017341088311277342;0.3667;106.74623107910156;6.618400573730469
2017-01-13;114.67520141601562;114.67520141601562;111.39876556396484;111.39876556396484;111.39876556396484;209;-1.73;89.64999999999978;111.39876556396484;114.67520141601562;114.67520141601562;-0.017341088311277342;0.20588231466889262;0.3721;106.68070220947266;4.7180633544921875
2017-01-16;113.36463165283203;140.8866729736328;113.36463165283203;134.33380126953125;134.33380126953125;4184;20.59;110.23999999999978;113.36463165283203;140.8866729736328;113.36463165283203;0.20588231466889262;0.3414634755841295;0.82;107.79468955993653;26.53911170959472
2017-01-17;136.9549560546875;183.48031616210938;136.9549560546875;180.20388793945312;180.20388793945312;22268;34.15;144.3899999999998;136.9549560546875;183.48031616210938;136.9549560546875;0.3414634755841295;0.014545495189520752;1.4227;111.33323860168457;68.87064933776855
2017-01-18;214.27880859375;245.73257446289062;163.82171630859375;182.82504272460938;182.82504272460938;44583;1.45;145.83999999999978;163.82171630859375;245.73257446289062;214.27880859375;0.014545495189520752;-0.03584230916315001;1.4157;115.06837425231933;67.75666847229004
2017-01-19;184.13560485839844;213.62351989746094;167.75343322753906;176.2721710205078;176.2721710205078;15999;-3.58;142.25999999999976;167.75343322753906;213.62351989746094;184.13560485839844;-0.03584230916315001;-0.022304894499069583;1.4345;118.37757301330566;57.89459800720215
2017-01-20;174.30630493164062;190.03318786621094;167.09814453125;172.34043884277344;172.34043884277344;7595;-2.23;140.02999999999977;167.09814453125;190.03318786621094;174.30630493164062;-0.022304894499069583;-0.01140678788610705;1.4444;121.42465667724609;50.91578216552735
2017-01-23;178.23802185058594;183.48031616210938;170.3745880126953;170.3745880126953;170.3745880126953;7291;-1.14;138.8899999999998;170.3745880126953;183.48031616210938;178.23802185058594;-0.01140678788610705;-0.042307720209151856;1.43;124.60279808044433;45.77178993225098
2017-01-24;174.30630493164062;174.30630493164062;157.92413330078125;163.1664276123047;163.1664276123047;5289;-4.23;134.6599999999998;157.92413330078125;174.30630493164062;174.30630493164062;-0.042307720209151856;-0.09638553202830746;1.4398;127.55158882141113;35.61483879089356
2017-01-26;163.82171630859375;164.4770050048828;147.43954467773438;147.43954467773438;147.43954467773438;5893;-9.64;125.0199999999998;147.43954467773438;164.4770050048828;163.82171630859375;-0.09638553202830746;-0.05777773224137028;1.5032;129.68127098083497;17.75827369689941
2017-01-27;145.4736785888672;146.7842559814453;134.33380126953125;138.9208221435547;138.9208221435547;9572;-5.78;119.2399999999998;134.33380126953125;146.7842559814453;145.4736785888672;-0.05777773224137028;-0.03301895859271131;1.5231;131.48331031799316;7.437511825561529
2017-01-30;136.29966735839844;137.61024475097656;132.36795043945312;134.33380126953125;134.33380126953125;2394;-3.3;115.9399999999998;132.36795043945312;137.61024475097656;136.29966735839844;-0.03301895859271131;0.1024390881106807;1.5319;133.08876266479493;1.2450386047363224
2017-01-31;145.4736785888672;150.06069946289062;141.54196166992188;148.09483337402344;148.09483337402344;8947;10.24;126.1799999999998;141.54196166992188;150.06069946289062;145.4736785888672;0.1024390881106807;0.0;1.5592;135.38226661682128;12.712566757202154
2017-02-01;153.99241638183594;161.2005615234375;147.43954467773438;148.09483337402344;148.09483337402344;7082;0.0;126.1799999999998;147.43954467773438;161.2005615234375;153.99241638183594;0.0;-0.022123955352111646;1.5578;137.70853500366212;10.386298370361317
2017-02-02;147.43954467773438;153.33712768554688;144.81838989257812;144.81838989257812;144.81838989257812;2002;-2.21;123.9699999999998;144.81838989257812;153.33712768554688;147.43954467773438;-0.022123955352111646;0.04072399238927571;1.5646;139.6743953704834;5.143994522094715
2017-02-03;149.40541076660156;153.33712768554688;147.43954467773438;150.71597290039062;150.71597290039062;2853;4.07;128.0399999999998;147.43954467773438;153.33712768554688;149.40541076660156;0.04072399238927571;0.13478268704816943;1.5654;141.90237045288086;8.813602447509766
2017-02-06;156.61355590820312;189.37789916992188;150.71597290039062;171.02987670898438;171.02987670898438;17850;13.48;141.51999999999978;150.71597290039062;189.37789916992188;156.61355590820312;0.13478268704816943;-0.05747133410071936;1.6016;145.30986251831055;25.720014190673822
2017-02-07;173.65101623535156;180.20388793945312;159.23471069335938;161.2005615234375;161.2005615234375;14882;-5.75;135.76999999999978;159.23471069335938;180.20388793945312;173.65101623535156;-0.05747133410071936;-0.0203251663126488;1.6313;148.12759552001953;13.072966003417974
2017-02-08;163.82171630859375;167.09814453125;152.02655029296875;157.92413330078125;157.92413330078125;2548;-2.03;133.73999999999978;152.02655029296875;167.09814453125;163.82171630859375;-0.0203251663126488;0.012448167659866227;1.6391;150.71597862243652;7.208154678344727
2017-02-09;157.92413330078125;160.5452880859375;150.71597290039062;159.88999938964844;159.88999938964844;2264;1.24;134.9799999999998;150.71597290039062;160.5452880859375;157.92413330078125;0.012448167659866227;-0.0040983719981894096;1.6391;153.33712615966797;6.552873229980463
2017-02-10;159.23471069335938;161.2005615234375;155.30299377441406;159.23471069335938;159.23471069335938;1713;-0.41;134.5699999999998;155.30299377441406;161.2005615234375;159.23471069335938;-0.0040983719981894096;0.0;1.638;155.63063011169433;3.6040805816650447
2017-02-13;161.85585021972656;161.85585021972656;155.30299377441406;159.23471069335938;159.23471069335938;1156;0.0;134.5699999999998;155.30299377441406;161.85585021972656;161.85585021972656;0.0;0.024691330814904378;1.6337;158.02242736816407;1.2122833251953011
2017-02-14;159.88999938964844;168.40872192382812;157.2688446044922;163.1664276123047;163.1664276123047;3636;2.47;137.0399999999998;157.2688446044922;168.40872192382812;159.88999938964844;0.024691330814904378;0.08433739897271875;1.4836;159.46405868530275;3.7023689270019418
2017-02-15;164.4770050048828;182.1697540283203;164.4770050048828;176.92745971679688;176.92745971679688;10430;8.43;145.4699999999998;164.4770050048828;182.1697540283203;164.4770050048828;0.08433739897271875;-0.007407427850238402;0.8924;159.30023727416992;17.62722244262696
2017-02-16;176.2721710205078;182.1697540283203;171.02987670898438;175.61688232421875;175.61688232421875;3807;-0.74;144.7299999999998;171.02987670898438;182.1697540283203;176.2721710205078;-0.007407427850238402;-0.0485075106688303;0.8912;158.9398292541504;16.677053070068354
2017-02-17;172.9957275390625;174.30630493164062;165.78758239746094;167.09814453125;167.09814453125;2461;-4.85;139.8799999999998;165.78758239746094;174.30630493164062;172.9957275390625;-0.0485075106688303;0.003921579728651814;0.899;158.4811279296875;8.617016601562511
2017-02-20;169.71929931640625;172.34043884277344;164.4770050048828;167.75343322753906;167.75343322753906;1887;0.39;140.26999999999978;164.4770050048828;172.34043884277344;169.71929931640625;0.003921579728651814;0.003906261014641865;0.8956;158.25177764892578;9.501655578613281
2017-02-21;168.40872192382812;170.3745880126953;163.82171630859375;168.40872192382812;168.40872192382812;1767;0.39;140.65999999999977;163.82171630859375;170.3745880126953;168.40872192382812;0.003906261014641865;0.04669264754729485;0.8947;158.15348434448242;10.255237579345703
2017-02-22;168.40872192382812;181.51446533203125;164.4770050048828;176.2721710205078;176.2721710205078;4327;4.67;145.32999999999976;164.4770050048828;181.51446533203125;168.40872192382812;0.04669264754729485;-0.156133828674484;0.8934;158.80877151489258;17.46339950561523
2017-02-23;173.65101623535156;173.65101623535156;146.12896728515625;148.7501220703125;148.7501220703125;6304;-15.61;129.71999999999974;146.12896728515625;173.65101623535156;173.65101623535156;-0.156133828674484;0.017621091599025362;1.0022;158.8743003845215;-10.12417831420899
2017-02-24;140.8866729736328;152.02655029296875;136.9549560546875;151.3712615966797;151.3712615966797;3140;1.76;131.47999999999973;136.9549560546875;152.02655029296875;140.8866729736328;0.017621091599025362;0.03896104812501511;0.9777;159.49682235717773;-8.125560760498047
2017-03-01;152.02655029296875;161.2005615234375;149.40541076660156;157.2688446044922;157.2688446044922;1873;3.9;135.37999999999974;149.40541076660156;161.2005615234375;152.02655029296875;0.03896104812501511;-0.04166668687991615;0.9728;160.6435745239258;-3.374729919433605
2017-03-02;150.71597290039062;158.5794219970703;145.4736785888672;150.71597290039062;150.71597290039062;2455;-4.17;131.20999999999975;145.4736785888672;158.5794219970703;150.71597290039062;-0.04166668687991615;0.017391353648286367;0.9239;160.77463150024414;-10.058658599853516
2017-03-03;157.92413330078125;158.5794219970703;152.02655029296875;153.33712768554688;153.33712768554688;944;1.74;132.94999999999976;152.02655029296875;158.5794219970703;157.92413330078125;0.017391353648286367;-0.02564099757371352;0.9253;161.0367462158203;-7.699618530273426
2017-03-06;153.99241638183594;155.95826721191406;148.7501220703125;149.40541076660156;149.40541076660156;529;-2.56;130.38999999999976;148.7501220703125;155.95826721191406;153.99241638183594;-0.02564099757371352;0.021929782903074457;0.9267;161.26609725952147;-11.86068649291991
2017-03-07;149.40541076660156;153.33712768554688;146.12896728515625;152.6818389892578;152.6818389892578;538;2.19;132.57999999999976;146.12896728515625;153.33712768554688;149.40541076660156;0.021929782903074457;-0.030042902584878517;0.919;161.36439056396483;-8.68255157470702
2017-03-08;152.6818389892578;152.6818389892578;142.8525390625;148.09483337402344;148.09483337402344;1545;-3.0;129.57999999999976;142.8525390625;152.6818389892578;152.6818389892578;-0.030042902584878517;0.01327437321126701;0.7794;160.2176383972168;-12.122805023193365
2017-03-09;144.81838989257812;150.71597290039062;144.81838989257812;150.06069946289062;150.06069946289062;1136;1.33;130.90999999999977;144.81838989257812;150.71597290039062;144.81838989257812;0.01327437321126701;0.008733546747948795;0.7576;159.66064529418946;-9.59994583129884
2017-03-10;150.06069946289062;152.02655029296875;147.43954467773438;151.3712615966797;151.3712615966797;657;0.87;131.77999999999977;147.43954467773438;152.02655029296875;150.06069946289062;0.008733546747948795;-0.03896104812501522;0.7555;159.33300170898437;-7.961740112304682
2017-03-13;151.3712615966797;151.3712615966797;144.81838989257812;145.4736785888672;145.4736785888672;352;-3.9;127.87999999999977;144.81838989257812;151.3712615966797;151.3712615966797;-0.03896104812501522;0.013513551784327005;0.7653;158.6121856689453;-13.138507080078114
2017-03-14;148.09483337402344;149.40541076660156;144.16311645507812;147.43954467773438;147.43954467773438;1774;1.35;129.22999999999976;144.16311645507812;149.40541076660156;148.09483337402344;0.013513551784327005;0.031111094552417562;0.7677;158.02242736816407;-10.582882690429699
2017-03-15;143.50782775878906;153.33712768554688;143.50782775878906;152.02655029296875;152.02655029296875;1532;3.11;132.33999999999978;143.50782775878906;153.33712768554688;143.50782775878906;0.031111094552417562;0.034482755159681355;0.777;157.66201934814453;-5.635469055175776
2017-03-16;152.6818389892578;166.44287109375;152.02655029296875;157.2688446044922;157.2688446044922;4955;3.45;135.78999999999976;152.02655029296875;166.44287109375;152.6818389892578;0.034482755159681355;0.0;0.7821;157.3671401977539;-0.09829559326172443
2017-03-17;161.2005615234375;163.1664276123047;151.3712615966797;157.2688446044922;157.2688446044922;753;0.0;135.78999999999976;151.3712615966797;163.1664276123047;161.2005615234375;0.0;-0.04166668687991615;0.715;156.38420944213868;0.8846351623535043
2017-03-20;156.61355590820312;156.61355590820312;145.4736785888672;150.71597290039062;150.71597290039062;1320;-4.17;131.61999999999978;145.4736785888672;156.61355590820312;156.61355590820312;-0.04166668687991615;-0.026086929230412892;0.7269;155.13916397094727;-4.423191070556641
2017-03-21;155.30299377441406;155.30299377441406;141.54196166992188;146.7842559814453;146.7842559814453;1133;-2.61;129.00999999999976;141.54196166992188;155.30299377441406;155.30299377441406;-0.026086929230412892;0.008928596488875451;0.714;154.12346954345702;-7.339213562011707
2017-03-22;144.16311645507812;150.71597290039062;144.16311645507812;148.09483337402344;148.09483337402344;654;0.89;129.89999999999975;144.16311645507812;150.71597290039062;144.16311645507812;0.008928596488875451;0.004424791070422263;0.7151;153.14053955078126;-5.045706176757818
2017-03-23;145.4736785888672;149.40541076660156;144.16311645507812;148.7501220703125;148.7501220703125;466;0.44;130.33999999999975;144.16311645507812;149.40541076660156;145.4736785888672;0.004424791070422263;-0.044052882867579024;0.7151;152.15760955810546;-3.407487487792963
2017-03-24;145.4736785888672;148.7501220703125;140.8866729736328;142.19725036621094;142.19725036621094;1170;-4.41;125.92999999999975;140.8866729736328;148.7501220703125;145.4736785888672;-0.044052882867579024;0.009216615575919462;0.7003;150.45386352539063;-8.256613159179693
2017-03-27;142.19725036621094;144.81838989257812;142.19725036621094;143.50782775878906;143.50782775878906;65;0.92;126.84999999999975;142.19725036621094;144.81838989257812;142.19725036621094;0.009216615575919462;-0.013698668006956738;0.4388;150.19174880981444;-6.683921051025379
2017-03-28;146.7842559814453;146.7842559814453;140.8866729736328;141.54196166992188;141.54196166992188;114;-1.37;125.47999999999975;140.8866729736328;146.7842559814453;146.7842559814453;-0.013698668006956738;0.0;0.4349;149.70028381347657;-8.158322143554699
2017-03-29;140.8866729736328;146.12896728515625;140.8866729736328;141.54196166992188;141.54196166992188;170;0.0;125.47999999999975;140.8866729736328;146.12896728515625;140.8866729736328;0.0;0.013888927818109575;0.406;148.91393966674804;-7.3719779968261605
2017-03-30;141.54196166992188;146.7842559814453;129.0915069580078;143.50782775878906;143.50782775878906;1239;1.39;126.86999999999975;129.0915069580078;146.7842559814453;141.54196166992188;0.013888927818109575;-0.027397336013913587;0.3868;148.55353240966798;-5.045704650878918
2017-03-31;140.8866729736328;143.50782775878906;131.057373046875;139.5760955810547;139.5760955810547;761;-2.74;124.12999999999975;131.057373046875;143.50782775878906;140.8866729736328;-0.027397336013913587;0.004694849025265402;0.3895;147.86548080444337;-8.289385223388678
2017-04-03;139.5760955810547;140.8866729736328;139.5760955810547;140.23138427734375;140.23138427734375;192;0.47;124.59999999999975;139.5760955810547;140.8866729736328;139.5760955810547;0.004694849025265402;-0.018691532853895354;0.3823;147.40677947998046;-7.175395202636707
2017-04-04;137.61024475097656;140.23138427734375;135.64437866210938;137.61024475097656;137.61024475097656;190;-1.87;122.72999999999975;135.64437866210938;140.23138427734375;137.61024475097656;-0.018691532853895354;-0.023809589811968235;0.3745;146.6531997680664;-9.042955017089838
2017-04-05;137.61024475097656;137.61024475097656;134.33380126953125;134.33380126953125;134.33380126953125;399;-2.38;120.34999999999975;134.33380126953125;137.61024475097656;137.61024475097656;-0.023809589811968235;-0.029268262207935325;0.3696;145.96514816284179;-11.631346893310536
2017-04-06;134.33380126953125;134.33380126953125;129.0915069580078;130.40208435058594;130.40208435058594;613;-2.93;117.41999999999975;129.0915069580078;134.33380126953125;134.33380126953125;-0.029268262207935325;0.0;0.3731;144.98221740722656;-14.58013305664062
2017-04-07;130.40208435058594;133.0232391357422;129.0915069580078;130.40208435058594;130.40208435058594;413;0.0;117.41999999999975;129.0915069580078;133.0232391357422;130.40208435058594;0.0;-0.010050279480614988;0.3696;143.9337585449219;-13.531674194335949
2017-04-10;130.40208435058594;130.40208435058594;128.4362335205078;129.0915069580078;129.0915069580078;184;-1.01;116.40999999999974;128.4362335205078;130.40208435058594;130.40208435058594;-0.010050279480614988;-0.015228410495758848;0.3503;143.1146499633789;-14.023143005371082
2017-04-11;129.0915069580078;129.0915069580078;125.1597900390625;127.12564849853516;127.12564849853516;352;-1.52;114.88999999999974;125.1597900390625;129.0915069580078;129.0915069580078;-0.015228410495758848;-0.04639170339009857;0.3442;142.09895515441895;-14.973306655883789
2017-04-12;125.1597900390625;125.1597900390625;121.22807312011719;121.22807312011719;121.22807312011719;523;-4.64;110.24999999999974;121.22807312011719;125.1597900390625;125.1597900390625;-0.04639170339009857;0.054054014932780614;0.3398;140.55903129577638;-19.33095817565919
2017-04-13;127.12564849853516;154.647705078125;127.12564849853516;127.78093719482422;127.78093719482422;4860;5.41;115.65999999999974;127.12564849853516;154.647705078125;127.12564849853516;0.054054014932780614;0.03076925740766212;0.3794;139.08463592529296;-11.303698730468739
2017-04-17;127.78093719482422;132.36795043945312;127.78093719482422;131.71266174316406;131.71266174316406;405;3.08;118.73999999999974;127.78093719482422;132.36795043945312;127.78093719482422;0.03076925740766212;-0.009950276421667903;0.4051;137.80682678222655;-6.094165039062489
2017-04-18;129.74679565429688;134.33380126953125;124.50450134277344;130.40208435058594;130.40208435058594;727;-1.0;117.73999999999974;124.50450134277344;134.33380126953125;129.74679565429688;-0.009950276421667903;-0.05025122188300046;0.3858;136.79113235473633;-6.389048004150396
2017-04-19;127.78093719482422;127.78093719482422;123.8492202758789;123.8492202758789;123.8492202758789;650;-5.03;112.70999999999974;123.8492202758789;127.78093719482422;127.78093719482422;-0.05025122188300046;0.03703707810522472;0.4105;135.644380569458;-11.795160293579102
2017-04-20;123.8492202758789;131.057373046875;123.8492202758789;128.4362335205078;128.4362335205078;398;3.7;116.40999999999974;123.8492202758789;131.057373046875;123.8492202758789;0.03703707810522472;-0.01530616427297593;0.4372;134.66145057678222;-6.225217056274403
2017-04-24;128.4362335205078;131.057373046875;125.1597900390625;126.47036743164062;126.47036743164062;315;-1.53;114.87999999999974;125.1597900390625;131.057373046875;128.4362335205078;-0.01530616427297593;0.031088048519116285;0.4362;133.54746284484864;-7.0770954132080135
2017-04-25;127.78093719482422;140.23138427734375;127.78093719482422;130.40208435058594;130.40208435058594;1869;3.11;117.98999999999974;127.78093719482422;140.23138427734375;127.78093719482422;0.031088048519116285;-0.005025139740307494;0.4347;132.95770454406738;-2.5556201934814453
2017-04-26;133.6785125732422;139.5760955810547;129.74679565429688;129.74679565429688;129.74679565429688;575;-0.5;117.48999999999974;129.74679565429688;139.5760955810547;133.6785125732422;-0.005025139740307494;0.04040403684027183;0.4319;132.26965293884277;-2.5228572845458928
2017-04-27;129.0915069580078;134.9890899658203;128.4362335205078;134.9890899658203;134.9890899658203;285;4.04;121.52999999999975;128.4362335205078;134.9890899658203;129.0915069580078;0.04040403684027183;-0.033980565513819116;0.4588;131.9420093536377;3.0470806121826115
2017-04-28;135.64437866210938;135.64437866210938;130.40208435058594;130.40208435058594;130.40208435058594;212;-3.4;118.12999999999974;130.40208435058594;135.64437866210938;135.64437866210938;-0.033980565513819116;0.03015072142846198;0.4725;131.3850154876709;-0.9829311370849609
2017-05-02;133.0232391357422;134.9890899658203;131.057373046875;134.33380126953125;134.33380126953125;473;3.02;121.14999999999974;131.057373046875;134.9890899658203;133.0232391357422;0.03015072142846198;0.07804877494689744;0.4839;130.92631416320802;3.407487106323231
2017-05-03;134.9890899658203;152.02655029296875;134.9890899658203;144.81838989257812;144.81838989257812;3010;7.8;128.94999999999973;134.9890899658203;152.02655029296875;134.9890899658203;0.07804877494689744;-0.02714929313785175;0.5528;131.18842887878418;13.629961013793945
2017-05-04;144.81838989257812;148.7501220703125;136.29966735839844;140.8866729736328;140.8866729736328;656;-2.71;126.23999999999974;136.29966735839844;148.7501220703125;144.81838989257812;-0.02714929313785175;-0.009302351776192541;0.5625;131.22119331359863;9.66547966003418
2017-05-05;140.8866729736328;144.81838989257812;134.9890899658203;139.5760955810547;139.5760955810547;477;-0.93;125.30999999999973;134.9890899658203;144.81838989257812;140.8866729736328;-0.009302351776192541;-0.028168984829225918;0.5592;131.31948585510253;8.25660972595216
2017-05-08;139.5760955810547;140.8866729736328;134.9890899658203;135.64437866210938;135.64437866210938;325;-2.82;122.48999999999974;134.9890899658203;140.8866729736328;139.5760955810547;-0.028168984829225918;0.02898547627055925;0.562;131.38501472473143;4.259363937377941
2017-05-09;136.9549560546875;140.23138427734375;135.64437866210938;139.5760955810547;139.5760955810547;1049;2.9;125.38999999999974;135.64437866210938;140.23138427734375;136.9549560546875;0.02898547627055925;-0.028168984829225918;0.5583;131.84371528625488;7.73238029479981
2017-05-10;140.8866729736328;144.16311645507812;135.64437866210938;135.64437866210938;135.64437866210938;596;-2.82;122.56999999999975;135.64437866210938;144.16311645507812;140.8866729736328;-0.028168984829225918;0.014492794380843277;0.5698;132.10583000183107;3.538548660278309
2017-05-11;135.64437866210938;138.9208221435547;134.9890899658203;137.61024475097656;137.61024475097656;108;1.45;124.01999999999975;134.9890899658203;138.9208221435547;135.64437866210938;0.014492794380843277;0.004761917962393669;0.5693;132.5317668914795;5.07847785949707
2017-05-12;134.9890899658203;139.5760955810547;134.33380126953125;138.26553344726562;138.26553344726562;436;0.48;124.49999999999976;134.33380126953125;139.5760955810547;134.9890899658203;0.004761917962393669;0.0;0.5648;133.08876113891603;5.176772308349598
2017-05-15;133.6785125732422;144.81838989257812;133.6785125732422;138.26553344726562;138.26553344726562;1390;0.0;124.49999999999976;133.6785125732422;144.81838989257812;133.6785125732422;0.0;0.11848340813806302;0.5321;133.94063415527344;4.324899291992182
2017-05-16;143.50782775878906;158.5794219970703;138.9208221435547;154.647705078125;154.647705078125;5875;11.85;136.34999999999977;138.9208221435547;158.5794219970703;143.50782775878906;0.11848340813806302;0.0042372998419732966;0.6447;135.2839725494385;19.363732528686512
2017-05-17;152.02655029296875;157.92413330078125;148.09483337402344;155.30299377441406;155.30299377441406;715;0.42;136.76999999999975;148.09483337402344;157.92413330078125;152.02655029296875;0.0042372998419732966;-0.03797468976276819;0.6404;136.46348915100097;18.83950462341309
2017-05-18;138.26553344726562;150.06069946289062;135.64437866210938;149.40541076660156;149.40541076660156;2203;-3.8;132.96999999999974;135.64437866210938;150.06069946289062;138.26553344726562;-0.03797468976276819;0.03508771392297727;0.6589;137.41365547180175;11.991755294799816
2017-05-19;144.16311645507812;157.92413330078125;144.16311645507812;154.647705078125;154.647705078125;1185;3.51;136.47999999999973;144.16311645507812;157.92413330078125;144.16311645507812;0.03508771392297727;-0.016949199367892964;0.6284;138.95357971191407;15.694125366210926
2017-05-22;150.71597290039062;162.51113891601562;147.43954467773438;152.02655029296875;152.02655029296875;1495;-1.69;134.78999999999974;147.43954467773438;162.51113891601562;150.71597290039062;-0.016949199367892964;0.030172398218566432;0.629;140.13309555053712;11.89345474243163
2017-05-23;150.06069946289062;158.5794219970703;148.7501220703125;156.61355590820312;156.61355590820312;1001;3.02;137.80999999999975;148.7501220703125;158.5794219970703;150.06069946289062;0.030172398218566432;0.004184112240406268;0.6262;141.64025497436523;14.97330093383789
2017-05-24;157.2688446044922;160.5452880859375;150.71597290039062;157.2688446044922;157.2688446044922;709;0.42;138.22999999999973;150.71597290039062;160.5452880859375;157.2688446044922;0.004184112240406268;-0.012499938147456646;0.6223;142.98359298706055;14.28525161743164
2017-05-25;157.2688446044922;160.5452880859375;149.40541076660156;155.30299377441406;155.30299377441406;207;-1.25;136.97999999999973;149.40541076660156;160.5452880859375;157.2688446044922;-0.012499938147456646;0.01687758531026473;0.6252;144.26140289306642;11.041590881347645
2017-05-26;152.02655029296875;158.5794219970703;150.71597290039062;157.92413330078125;157.92413330078125;367;1.69;138.66999999999973;150.71597290039062;158.5794219970703;152.02655029296875;0.01687758531026473;0.0;0.6154;145.40815505981445;12.515978240966803
2017-05-29;157.92413330078125;157.92413330078125;157.92413330078125;157.92413330078125;157.92413330078125;0;0.0;138.66999999999973;157.92413330078125;157.92413330078125;157.92413330078125;0.0;0.09128627297599268;0.5958;146.7842575073242;11.139875793457037
2017-05-30;157.92413330078125;175.61688232421875;154.647705078125;172.34043884277344;172.34043884277344;3113;9.13;147.79999999999973;154.647705078125;175.61688232421875;157.92413330078125;0.09128627297599268;-0.02661595645244419;0.659;148.68458938598633;23.65584945678711
2017-05-31;173.65101623535156;181.51446533203125;159.88999938964844;167.75343322753906;167.75343322753906;2383;-2.66;145.13999999999973;159.88999938964844;181.51446533203125;173.65101623535156;-0.02661595645244419;-0.011718692084302429;0.6266;149.8313415527344;17.922091674804676
2017-06-01;167.75343322753906;176.92745971679688;165.78758239746094;165.78758239746094;165.78758239746094;245;-1.17;143.96999999999974;165.78758239746094;176.92745971679688;167.75343322753906;-0.011718692084302429;0.007905068128969406;0.6174;151.07638702392578;14.711195373535162
2017-06-02;167.09814453125;167.09814453125;158.5794219970703;167.09814453125;167.09814453125;524;0.79;144.75999999999974;158.5794219970703;167.09814453125;167.09814453125;0.007905068128969406;-0.02745096678423342;0.6137;152.45248947143554;14.645655059814459
2017-06-05;155.95826721191406;167.09814453125;149.40541076660156;162.51113891601562;162.51113891601562;714;-2.75;142.00999999999974;149.40541076660156;167.09814453125;155.95826721191406;-0.02745096678423342;0.0;0.6131;153.79582748413085;8.715311431884771
2017-06-06;155.30299377441406;164.4770050048828;153.33712768554688;162.51113891601562;162.51113891601562;178;0.0;142.00999999999974;153.33712768554688;164.4770050048828;155.30299377441406;0.0;-0.04435477586140524;0.6097;154.9425796508789;7.568559265136713
2017-06-07;162.51113891601562;162.51113891601562;154.647705078125;155.30299377441406;155.30299377441406;239;-4.44;137.56999999999974;154.647705078125;162.51113891601562;162.51113891601562;-0.04435477586140524;0.004219322638762568;0.6251;155.92551040649414;-0.6225166320800781
2017-06-08;154.647705078125;157.92413330078125;154.647705078125;155.95826721191406;155.95826721191406;41;0.42;137.98999999999972;154.647705078125;157.92413330078125;154.647705078125;0.004219322638762568;0.02941184815672937;0.6246;156.84291152954103;-0.8846443176269645
2017-06-09;155.95826721191406;165.78758239746094;155.95826721191406;160.5452880859375;160.5452880859375;379;2.94;140.92999999999972;155.95826721191406;165.78758239746094;155.95826721191406;0.02941184815672937;0.004081548859591777;0.6295;157.9568992614746;2.5883888244628963
2017-06-12;165.13229370117188;165.13229370117188;155.95826721191406;161.2005615234375;161.2005615234375;106;0.41;141.33999999999972;155.95826721191406;165.13229370117188;165.13229370117188;0.004081548859591777;0.004065052193963803;0.629;159.1036506652832;2.0969108581543026
2017-06-13;153.99241638183594;164.4770050048828;153.99241638183594;161.85585021972656;161.85585021972656;442;0.41;141.74999999999972;153.99241638183594;164.4770050048828;153.99241638183594;0.004065052193963803;0.008097188892455476;0.476;159.46405792236328;2.3917922973632812
2017-06-14;154.647705078125;165.13229370117188;154.647705078125;163.1664276123047;163.1664276123047;778;0.81;142.55999999999972;154.647705078125;165.13229370117188;154.647705078125;0.008097188892455476;0.0;0.4763;159.85722961425782;3.3091979980468693
2017-06-15;163.1664276123047;163.1664276123047;163.1664276123047;163.1664276123047;163.1664276123047;0;0.0;142.55999999999972;163.1664276123047;163.1664276123047;163.1664276123047;0.0;-0.056224870303999475;0.4515;160.54528045654297;2.6211471557617188
2017-06-16;157.2688446044922;157.2688446044922;153.99241638183594;153.99241638183594;153.99241638183594;27;-5.62;136.9399999999997;153.99241638183594;157.2688446044922;157.2688446044922;-0.056224870303999475;0.038297879508488286;0.4853;160.51251602172852;-6.520099639892578
2017-06-19;156.61355590820312;162.51113891601562;153.99241638183594;159.88999938964844;159.88999938964844;326;3.83;140.76999999999973;153.99241638183594;162.51113891601562;156.61355590820312;0.038297879508488286;-0.01639348799275775;0.4988;160.9056884765625;-1.0156890869140511
2017-06-20;155.30299377441406;157.92413330078125;150.06069946289062;157.2688446044922;157.2688446044922;259;-1.64;139.12999999999974;150.06069946289062;157.92413330078125;155.30299377441406;-0.01639348799275775;-0.008333356780702683;0.4925;160.93845291137694;-3.6696083068847543
2017-06-21;156.61355590820312;157.2688446044922;148.7501220703125;155.95826721191406;155.95826721191406;590;-0.83;138.29999999999973;148.7501220703125;157.2688446044922;156.61355590820312;-0.008333356780702683;-0.012604979942531402;0.4934;160.87292404174804;-4.914656829833973
2017-06-22;153.99241638183594;153.99241638183594;148.7501220703125;153.99241638183594;153.99241638183594;16;-1.26;137.03999999999974;148.7501220703125;153.99241638183594;153.99241638183594;-0.012604979942531402;-0.012765992865471198;0.4934;160.80739517211913;-6.814978790283192
2017-06-23;153.33712768554688;155.95826721191406;150.71597290039062;152.02655029296875;152.02655029296875;134;-1.28;135.75999999999974;150.71597290039062;155.95826721191406;153.33712768554688;-0.012765992865471198;-0.043103469041911424;0.4912;160.51251602172852;-8.485965728759766
2017-06-26;155.95826721191406;155.95826721191406;145.4736785888672;145.4736785888672;145.4736785888672;1330;-4.31;131.44999999999973;145.4736785888672;155.95826721191406;155.95826721191406;-0.043103469041911424;-0.009008929632507101;0.5128;159.8899932861328;-14.41631469726562
2017-06-27;151.3712615966797;151.3712615966797;140.8866729736328;144.16311645507812;144.16311645507812;839;-0.9;130.54999999999973;140.8866729736328;151.3712615966797;151.3712615966797;-0.009008929632507101;0.01818176237320701;0.3705;158.48112716674805;-14.318010711669928
2017-06-28;147.43954467773438;147.43954467773438;144.81838989257812;146.7842559814453;146.7842559814453;16;1.82;132.36999999999972;144.81838989257812;147.43954467773438;147.43954467773438;0.01818176237320701;0.0;0.3757;157.43266830444335;-10.648412322998041
2017-06-29;147.43954467773438;148.7501220703125;142.8525390625;146.7842559814453;146.7842559814453;112;0.0;132.36999999999972;142.8525390625;148.7501220703125;147.43954467773438;0.0;0.013392894733313065;0.3758;156.48250198364258;-9.698246002197266
2017-06-30;146.7842559814453;151.3712615966797;144.16311645507812;148.7501220703125;148.7501220703125;122;1.34;133.70999999999972;144.16311645507812;151.3712615966797;146.7842559814453;0.013392894733313065;0.0;0.379;155.5651008605957;-6.814978790283192
2017-07-03;149.40541076660156;150.06069946289062;144.81838989257812;148.7501220703125;148.7501220703125;288;0.0;133.70999999999972;144.81838989257812;150.06069946289062;149.40541076660156;0.0;0.0;0.3703;154.87705001831054;-6.126927947998041
2017-07-04;148.7501220703125;148.7501220703125;144.16311645507812;148.7501220703125;148.7501220703125;65;0.0;133.70999999999972;144.16311645507812;148.7501220703125;148.7501220703125;0.0;0.1013215587894245;0.3703;154.1889991760254;-5.438877105712891
2017-07-05;147.43954467773438;167.09814453125;146.7842559814453;163.82171630859375;163.82171630859375;2368;10.13;143.83999999999972;146.7842559814453;167.09814453125;147.43954467773438;0.1013215587894245;-0.023999973920057482;0.4992;154.61493530273438;9.20678100585937
2017-07-06;165.78758239746094;165.78758239746094;155.95826721191406;159.88999938964844;159.88999938964844;604;-2.4;141.4399999999997;155.95826721191406;165.78758239746094;165.78758239746094;-0.023999973920057482;-0.0040983719981894096;0.5083;154.8115219116211;5.078477478027338
2017-07-07;163.1664276123047;163.1664276123047;154.647705078125;159.23471069335938;159.23471069335938;47;-0.41;141.02999999999972;154.647705078125;163.1664276123047;163.1664276123047;-0.0040983719981894096;-0.01234571332033807;0.4979;154.7459930419922;4.488717651367182
2017-07-10;159.23471069335938;159.23471069335938;153.99241638183594;157.2688446044922;157.2688446044922;51;-1.23;139.79999999999973;153.99241638183594;159.23471069335938;159.23471069335938;-0.01234571332033807;-0.012499938147456646;0.4996;154.5494071960449;2.719437408447277
2017-07-11;160.5452880859375;160.5452880859375;154.647705078125;155.30299377441406;155.30299377441406;166;-1.25;138.54999999999973;154.647705078125;160.5452880859375;160.5452880859375;-0.012499938147456646;-0.01687768356200281;0.5009;154.2217643737793;1.0812294006347543
2017-07-12;155.30299377441406;161.85585021972656;152.6818389892578;152.6818389892578;152.6818389892578;492;-1.69;136.85999999999973;152.6818389892578;161.85585021972656;155.30299377441406;-0.01687768356200281;0.0;0.5023;153.69753494262696;-1.0156959533691463
2017-07-13;157.2688446044922;159.88999938964844;152.6818389892578;152.6818389892578;152.6818389892578;285;0.0;136.85999999999973;152.6818389892578;159.88999938964844;157.2688446044922;0.0;-0.008583715006670434;0.5023;153.1733055114746;-0.4914665222167969
2017-07-14;157.2688446044922;157.2688446044922;150.06069946289062;151.3712615966797;151.3712615966797;482;-0.86;135.99999999999972;150.06069946289062;157.2688446044922;157.2688446044922;-0.008583715006670434;-0.017315965386818677;0.4621;153.0422477722168;-1.6709861755371094
2017-07-17;149.40541076660156;153.33712768554688;143.50782775878906;148.7501220703125;148.7501220703125;2714;-1.73;134.26999999999973;143.50782775878906;153.33712768554688;149.40541076660156;-0.017315965386818677;-0.030836987233302193;0.4419;152.48525390625;-3.7351318359374943
2017-07-18;148.7501220703125;148.7501220703125;144.16311645507812;144.16311645507812;144.16311645507812;332;-3.08;131.1899999999997;144.16311645507812;148.7501220703125;148.7501220703125;-0.030836987233302193;0.009090828264644468;0.4505;151.8299674987793;-7.666851043701172
2017-07-19;144.16311645507812;148.7501220703125;144.16311645507812;145.4736785888672;145.4736785888672;433;0.91;132.0999999999997;144.16311645507812;148.7501220703125;144.16311645507812;0.009090828264644468;0.0;0.4525;151.30573806762695;-5.83205947875976
2017-07-20;146.7842559814453;146.7842559814453;142.8525390625;145.4736785888672;145.4736785888672;260;0.0;132.0999999999997;142.8525390625;146.7842559814453;146.7842559814453;0.0;-0.009008929632507101;0.4512;150.87980117797852;-5.406122589111334
2017-07-21;145.4736785888672;146.12896728515625;144.16311645507812;144.16311645507812;144.16311645507812;100;-0.9;131.1999999999997;144.16311645507812;146.12896728515625;145.4736785888672;-0.009008929632507101;0.009090828264644468;0.4503;150.48662948608398;-6.323513031005859
2017-07-24;146.12896728515625;146.12896728515625;145.4736785888672;145.4736785888672;145.4736785888672;90;0.91;132.1099999999997;145.4736785888672;146.12896728515625;146.12896728515625;0.009090828264644468;0.0405405504626033;0.4249;150.48662948608398;-5.012950897216797
2017-07-25;146.12896728515625;153.33712768554688;146.12896728515625;151.3712615966797;151.3712615966797;555;4.05;136.1599999999997;146.12896728515625;153.33712768554688;146.12896728515625;0.0405405504626033;-0.03463203157737593;0.4463;150.84703674316407;0.5242248535156193
2017-07-26;148.7501220703125;155.30299377441406;144.16311645507812;146.12896728515625;146.12896728515625;503;-3.46;132.6999999999997;144.16311645507812;155.30299377441406;148.7501220703125;-0.03463203157737593;-0.0044843175755175935;0.4613;150.81427230834962;-4.685305023193365
2017-07-27;147.43954467773438;151.3712615966797;144.16311645507812;145.4736785888672;145.4736785888672;264;-0.45;132.24999999999972;144.16311645507812;151.3712615966797;147.43954467773438;-0.0044843175755175935;-0.004504517261442298;0.4616;150.7487434387207;-5.275064849853521
2017-07-28;146.7842559814453;149.40541076660156;144.16311645507812;144.81838989257812;144.81838989257812;448;-0.45;131.79999999999973;144.16311645507812;149.40541076660156;146.7842559814453;-0.004504517261442298;-0.004524794385478703;0.4591;150.552156829834;-5.733766937255865
2017-07-31;146.7842559814453;148.7501220703125;144.16311645507812;144.16311645507812;144.16311645507812;117;-0.45;131.34999999999974;144.16311645507812;148.7501220703125;146.7842559814453;-0.004524794385478703;0.0318181635360506;0.4592;150.32280654907225;-6.159690093994129
2017-08-01;144.16311645507812;150.06069946289062;144.16311645507812;148.7501220703125;148.7501220703125;155;3.18;134.52999999999975;144.16311645507812;150.06069946289062;144.16311645507812;0.0318181635360506;0.0;0.4739;150.32280654907225;-1.5726844787597543
2017-08-02;150.06069946289062;150.06069946289062;148.7501220703125;148.7501220703125;148.7501220703125;21;0.0;134.52999999999975;148.7501220703125;150.06069946289062;150.06069946289062;0.0;0.004405298544758907;0.2877;149.5692268371582;-0.8191047668456974
2017-08-03;150.71597290039062;152.02655029296875;144.81838989257812;149.40541076660156;149.40541076660156;364;0.44;134.96999999999974;144.81838989257812;152.02655029296875;150.71597290039062;0.004405298544758907;-0.017543908026537047;0.2799;149.04499740600585;0.3604133605957145
2017-08-04;149.40541076660156;149.40541076660156;144.81838989257812;146.7842559814453;146.7842559814453;309;-1.75;133.21999999999974;144.81838989257812;149.40541076660156;149.40541076660156;-0.017543908026537047;0.017857192977750902;0.2845;148.42247467041017;-1.6382186889648551
2017-08-07;145.4736785888672;150.06069946289062;145.4736785888672;149.40541076660156;149.40541076660156;483;1.79;135.00999999999974;145.4736785888672;150.06069946289062;145.4736785888672;0.017857192977750902;-0.004385977006634234;0.2927;148.02930297851563;1.3761077880859318
2017-08-08;147.43954467773438;149.40541076660156;144.16311645507812;148.7501220703125;148.7501220703125;1403;-0.44;134.56999999999974;144.16311645507812;149.40541076660156;147.43954467773438;-0.004385977006634234;0.0;0.2904;147.70165939331054;1.0484626770019645
2017-08-09;149.40541076660156;153.99241638183594;145.4736785888672;148.7501220703125;148.7501220703125;4700;0.0;134.56999999999974;145.4736785888672;153.99241638183594;149.40541076660156;0.0;0.0;0.285;147.50507354736328;1.2450485229492188
2017-08-10;150.71597290039062;152.6818389892578;144.81838989257812;148.7501220703125;148.7501220703125;1671;0.0;134.56999999999974;144.81838989257812;152.6818389892578;150.71597290039062;0.0;-0.01321589563427683;0.285;147.30848770141603;1.441634368896473
2017-08-11;145.4736785888672;146.7842559814453;145.4736785888672;146.7842559814453;146.7842559814453;215;-1.32;133.24999999999974;145.4736785888672;146.7842559814453;145.4736785888672;-0.01321589563427683;0.0044642982444376145;0.2871;147.0791374206543;-0.2948814392089787
2017-08-14;144.81838989257812;148.09483337402344;144.81838989257812;147.43954467773438;147.43954467773438;97;0.45;133.69999999999973;144.81838989257812;148.09483337402344;144.81838989257812;0.0044642982444376145;-0.022222180825488103;0.2814;147.01360855102538;0.42593612670899006
2017-08-15;145.4736785888672;146.7842559814453;143.50782775878906;144.16311645507812;144.16311645507812;222;-2.22;131.47999999999973;143.50782775878906;146.7842559814453;145.4736785888672;-0.022222180825488103;0.009090828264644468;0.2705;147.01360855102538;-2.85049209594726
2017-08-16;143.50782775878906;145.4736785888672;142.19725036621094;145.4736785888672;145.4736785888672;460;0.91;132.38999999999973;142.19725036621094;145.4736785888672;143.50782775878906;0.009090828264644468;-0.0315315159397187;0.2705;147.01360855102538;-1.5399299621581974
2017-08-17;145.4736785888672;157.2688446044922;140.8866729736328;140.8866729736328;140.8866729736328;5188;-3.15;129.23999999999972;140.8866729736328;157.2688446044922;145.4736785888672;-0.0315315159397187;0.027906947023166095;0.2929;146.78425827026368;-5.897585296630865
2017-08-18;145.4736785888672;150.71597290039062;144.16311645507812;144.81838989257812;144.81838989257812;1376;2.79;132.02999999999972;144.16311645507812;150.71597290039062;145.4736785888672;0.027906947023166095;-0.004524794385478703;0.3091;146.81702194213867;-1.9986320495605412
2017-08-21;145.4736785888672;147.43954467773438;144.16311645507812;144.16311645507812;144.16311645507812;119;-0.45;131.57999999999973;144.16311645507812;147.43954467773438;145.4736785888672;-0.004524794385478703;0.01363629531892574;0.3078;146.75149383544922;-2.5883773803710994
2017-08-22;144.16311645507812;147.43954467773438;142.8525390625;146.12896728515625;146.12896728515625;149;1.36;132.93999999999974;142.8525390625;147.43954467773438;144.16311645507812;0.01363629531892574;-0.013452848306537035;0.2734;146.48937911987304;-0.3604118347167855
2017-08-23;146.12896728515625;147.43954467773438;144.16311645507812;144.16311645507812;144.16311645507812;479;-1.35;131.58999999999975;144.16311645507812;147.43954467773438;146.12896728515625;-0.013452848306537035;0.01818176237320701;0.2487;146.39108657836914;-2.2279701232910156
2017-08-24;146.7842559814453;146.7842559814453;144.81838989257812;146.7842559814453;146.7842559814453;73;1.82;133.40999999999974;144.81838989257812;146.7842559814453;146.7842559814453;0.01818176237320701;0.017857192977750902;0.2568;146.45661544799805;0.3276405334472656
2017-08-25;146.7842559814453;149.40541076660156;144.81838989257812;149.40541076660156;149.40541076660156;320;1.79;135.19999999999973;144.81838989257812;149.40541076660156;146.7842559814453;0.017857192977750902;0.0;0.2632;146.68596649169922;2.7194442749023438
2017-08-28;149.40541076660156;149.40541076660156;144.81838989257812;149.40541076660156;149.40541076660156;219;0.0;135.19999999999973;144.81838989257812;149.40541076660156;149.40541076660156;0.0;-0.03508771392297738;0.2622;146.94808120727538;2.4573295593261832
2017-08-29;148.7501220703125;150.71597290039062;144.16311645507812;144.16311645507812;144.16311645507812;1139;-3.51;131.68999999999974;144.16311645507812;150.71597290039062;148.7501220703125;-0.03508771392297738;0.004545361210363197;0.2685;146.71873092651367;-2.555614471435547
2017-08-30;150.06069946289062;150.06069946289062;144.16311645507812;144.81838989257812;144.81838989257812;254;0.45;132.13999999999973;144.16311645507812;150.06069946289062;150.06069946289062;0.004545361210363197;-0.004524794385478703;0.2693;146.52214431762695;-1.7037544250488281
2017-08-31;144.81838989257812;147.43954467773438;144.16311645507812;144.16311645507812;144.16311645507812;180;-0.45;131.68999999999974;144.16311645507812;147.43954467773438;144.81838989257812;-0.004524794385478703;-0.00454546705428116;0.2687;146.2600296020508;-2.0969131469726676
2017-09-01;144.81838989257812;144.81838989257812;142.19725036621094;143.50782775878906;143.50782775878906;228;-0.45;131.23999999999975;142.19725036621094;144.81838989257812;144.81838989257812;-0.00454546705428116;0.02283100701770313;0.2624;146.09620819091796;-2.5883804321289006
2017-09-04;143.50782775878906;146.7842559814453;142.8525390625;146.7842559814453;146.7842559814453;334;2.28;133.51999999999975;142.8525390625;146.7842559814453;143.50782775878906;0.02283100701770313;0.0;0.2677;145.96515045166015;0.8191055297851619
2017-09-05;144.81838989257812;146.7842559814453;144.16311645507812;146.7842559814453;146.7842559814453;164;0.0;133.51999999999975;144.16311645507812;146.7842559814453;144.81838989257812;0.0;0.0044642982444376145;0.2674;145.8668571472168;0.9173988342285213
2017-09-06;146.12896728515625;147.43954467773438;144.16311645507812;147.43954467773438;147.43954467773438;273;0.45;133.96999999999974;144.16311645507812;147.43954467773438;146.12896728515625;0.0044642982444376145;0.0;0.2679;145.80132827758788;1.63821640014649
2017-09-07;147.43954467773438;147.43954467773438;147.43954467773438;147.43954467773438;147.43954467773438;0;0.0;133.96999999999974;147.43954467773438;147.43954467773438;147.43954467773438;0.0;0.04888892200627626;0.2679;145.73579940795898;1.7037452697753963
2017-09-08;147.43954467773438;156.61355590820312;144.81838989257812;154.647705078125;154.647705078125;2368;4.89;138.85999999999973;144.81838989257812;156.61355590820312;147.43954467773438;0.04888892200627626;-0.029661000225752576;0.3148;146.12897186279298;8.51873321533202
2017-09-11;155.95826721191406;163.1664276123047;150.06069946289062;150.06069946289062;150.06069946289062;1611;-2.97;135.88999999999973;150.06069946289062;163.1664276123047;155.95826721191406;-0.029661000225752576;-0.0218341210801537;0.3351;146.2600296020508;3.8006698608398324
2017-09-12;152.6818389892578;153.99241638183594;146.7842559814453;146.7842559814453;146.7842559814453;1416;-2.18;133.70999999999972;146.7842559814453;153.99241638183594;152.6818389892578;-0.0218341210801537;0.0044642982444376145;0.3347;146.39108657836914;0.3931694030761719
2017-09-13;146.7842559814453;149.40541076660156;146.12896728515625;147.43954467773438;147.43954467773438;558;0.45;134.1599999999997;146.12896728515625;149.40541076660156;146.7842559814453;0.0044642982444376145;-0.004444456863464619;0.3337;146.4893798828125;0.950164794921875
2017-09-14;147.43954467773438;150.06069946289062;146.12896728515625;146.7842559814453;146.7842559814453;244;-0.44;133.71999999999971;146.12896728515625;150.06069946289062;147.43954467773438;-0.004444456863464619;0.026785685512772606;0.3119;146.7842590332031;-3.0517578011313162e-06
2017-09-15;146.7842559814453;150.71597290039062;146.12896728515625;150.71597290039062;150.71597290039062;529;2.68;136.39999999999972;146.12896728515625;150.71597290039062;146.7842559814453;0.026785685512772606;0.008695676824143295;0.3107;147.07913818359376;3.6368347167968693
2017-09-18;147.43954467773438;156.61355590820312;147.43954467773438;152.02655029296875;152.02655029296875;1074;0.87;137.26999999999973;147.43954467773438;156.61355590820312;147.43954467773438;0.008695676824143295;0.0948276519660527;0.3105;147.4723098754883;4.554240417480457
2017-09-19;153.99241638183594;168.40872192382812;152.02655029296875;166.44287109375;166.44287109375;4015;9.48;146.74999999999972;152.02655029296875;168.40872192382812;153.99241638183594;0.0948276519660527;-0.003937018701870132;0.4502;148.48800506591797;17.954866027832026
2017-09-20;167.75343322753906;172.34043884277344;159.88999938964844;165.78758239746094;165.78758239746094;2965;-0.39;146.35999999999973;159.88999938964844;172.34043884277344;167.75343322753906;-0.003937018701870132;-0.03162054863044872;0.4458;149.5692283630371;16.21835403442384
2017-09-21;167.09814453125;169.71929931640625;157.92413330078125;160.5452880859375;160.5452880859375;981;-3.16;143.19999999999973;157.92413330078125;169.71929931640625;167.09814453125;-0.03162054863044872;0.012244836665812553;0.4644;150.2572799682617;10.288008117675787
2017-09-22;159.88999938964844;162.51113891601562;157.92413330078125;162.51113891601562;162.51113891601562;367;1.22;144.41999999999973;157.92413330078125;162.51113891601562;159.88999938964844;0.012244836665812553;-0.04435477586140524;0.4628;150.9125663757324;11.598572540283214
2017-09-25;162.51113891601562;162.51113891601562;153.99241638183594;155.30299377441406;155.30299377441406;567;-4.44;139.97999999999973;153.99241638183594;162.51113891601562;162.51113891601562;-0.04435477586140524;0.0;0.4943;151.20744552612305;4.09554824829101
2017-09-26;154.647705078125;156.61355590820312;153.33712768554688;155.30299377441406;155.30299377441406;56;0.0;139.97999999999973;153.33712768554688;156.61355590820312;154.647705078125;0.0;0.04219401240153098;0.4743;151.76443939208986;3.5385543823242074
2017-09-27;155.30299377441406;170.3745880126953;155.30299377441406;161.85585021972656;161.85585021972656;1153;4.22;144.19999999999973;155.30299377441406;170.3745880126953;155.30299377441406;0.04219401240153098;0.008097188892455476;0.4932;152.61631240844727;9.239537811279291
2017-09-28;161.85585021972656;167.09814453125;159.88999938964844;163.1664276123047;163.1664276123047;1123;0.81;145.00999999999974;159.88999938964844;167.09814453125;161.85585021972656;0.008097188892455476;-0.012048226572308307;0.4917;153.56647796630858;9.599949645996105
2017-09-29;161.85585021972656;164.4770050048828;160.5452880859375;161.2005615234375;161.2005615234375;1141;-1.2;143.80999999999975;160.5452880859375;164.4770050048828;161.85585021972656;-0.012048226572308307;0.07317075017700891;0.4946;154.45111465454102;6.749446868896484
2017-10-02;159.88999938964844;180.20388793945312;153.99241638183594;172.9957275390625;172.9957275390625;1368;7.32;151.12999999999974;153.99241638183594;180.20388793945312;159.88999938964844;0.07317075017700891;-0.034090917109388275;0.5465;155.76168823242188;17.234039306640625
2017-10-03;172.9957275390625;180.20388793945312;167.09814453125;167.09814453125;167.09814453125;698;-3.41;147.71999999999974;167.09814453125;180.20388793945312;172.9957275390625;-0.034090917109388275;0.035294126241536716;0.5668;156.77738265991212;10.32076187133788
2017-10-04;173.65101623535156;179.54859924316406;165.13229370117188;172.9957275390625;172.9957275390625;1001;3.53;151.24999999999974;165.13229370117188;179.54859924316406;173.65101623535156;0.035294126241536716;0.003787889479184292;0.5754;158.05519180297853;14.940535736083973
2017-10-05;169.71929931640625;175.61688232421875;163.1664276123047;173.65101623535156;173.65101623535156;248;0.38;151.62999999999974;163.1664276123047;175.61688232421875;169.71929931640625;0.003787889479184292;-0.01886788971171738;0.5748;159.3657653808594;14.285250854492176
2017-10-06;165.78758239746094;172.34043884277344;165.78758239746094;170.3745880126953;170.3745880126953;242;-1.89;149.73999999999975;165.78758239746094;172.34043884277344;165.78758239746094;-0.01886788971171738;-0.015384658097960857;0.5624;160.1521095275879;10.222478485107416
2017-10-09;169.0640106201172;170.3745880126953;163.82171630859375;167.75343322753906;167.75343322753906;407;-1.54;148.19999999999976;163.82171630859375;170.3745880126953;169.0640106201172;-0.015384658097960857;-0.07421868639932605;0.5528;161.0367462158203;6.716687011718761
2017-10-10;167.75343322753906;167.75343322753906;155.30299377441406;155.30299377441406;155.30299377441406;1800;-7.42;140.77999999999977;155.30299377441406;167.75343322753906;167.75343322753906;-0.07421868639932605;0.012658164419764084;0.6156;161.46268310546876;-6.159689331054693
2017-10-11;157.2688446044922;157.92413330078125;155.30299377441406;157.2688446044922;157.2688446044922;468;1.27;142.04999999999978;155.30299377441406;157.92413330078125;157.2688446044922;0.012658164419764084;0.0;0.6165;161.95414810180665;-4.6853034973144645
2017-10-12;157.2688446044922;157.2688446044922;157.2688446044922;157.2688446044922;157.2688446044922;0;0.0;142.04999999999978;157.2688446044922;157.2688446044922;157.2688446044922;0.0;0.004166678390351342;0.6159;162.47837753295897;-5.2095329284667855
2017-10-13;161.2005615234375;161.85585021972656;157.2688446044922;157.92413330078125;157.92413330078125;318;0.42;142.46999999999977;157.2688446044922;161.85585021972656;161.2005615234375;0.004166678390351342;-0.004149389219955446;0.6101;162.83878555297852;-4.914652252197271
2017-10-16;161.2005615234375;164.4770050048828;157.2688446044922;157.2688446044922;157.2688446044922;335;-0.41;142.05999999999977;157.2688446044922;164.4770050048828;161.2005615234375;-0.004149389219955446;0.04166668687991604;0.6102;163.10090026855468;-5.832055664062494
2017-10-17;155.30299377441406;164.4770050048828;153.33712768554688;163.82171630859375;163.82171630859375;730;4.17;146.22999999999976;153.33712768554688;164.4770050048828;155.30299377441406;0.04166668687991604;0.027999985097175717;0.5269;162.96984252929687;0.8518737792968807
2017-10-18;160.5452880859375;170.3745880126953;160.5452880859375;168.40872192382812;168.40872192382812;1399;2.8;149.02999999999977;160.5452880859375;170.3745880126953;160.5452880859375;0.027999985097175717;-0.007782123025498078;0.536;163.10089950561525;5.307822418212879
2017-10-19;164.4770050048828;168.40872192382812;163.82171630859375;167.09814453125;167.09814453125;85;-0.78;148.24999999999977;163.82171630859375;168.40872192382812;164.4770050048828;-0.007782123025498078;0.06666667275442184;0.5231;163.42854232788085;3.669602203369152
2017-10-20;166.44287109375;178.23802185058594;166.44287109375;178.23802185058594;178.23802185058594;1307;6.67;154.91999999999976;166.44287109375;178.23802185058594;166.44287109375;0.06666667275442184;-0.07352936266539345;0.5701;164.2148864746094;14.023135375976551
2017-10-23;174.30630493164062;183.48031616210938;165.13229370117188;165.13229370117188;165.13229370117188;1735;-7.35;147.56999999999977;165.13229370117188;183.48031616210938;174.30630493164062;-0.07352936266539345;0.007936529937322856;0.6117;164.70635147094725;0.42594223022462074
2017-10-24;167.75343322753906;172.9957275390625;164.4770050048828;166.44287109375;166.44287109375;634;0.79;148.35999999999976;164.4770050048828;172.9957275390625;167.75343322753906;0.007936529937322856;0.03543298496516312;0.6117;165.26334533691406;1.1795257568359432
2017-10-25;170.3745880126953;175.61688232421875;165.13229370117188;172.34043884277344;172.34043884277344;749;3.54;151.89999999999975;165.13229370117188;175.61688232421875;170.3745880126953;0.03543298496516312;-0.02281366431085985;0.6065;165.7875747680664;6.552864074707031
2017-10-26;172.34043884277344;180.20388793945312;168.40872192382812;168.40872192382812;168.40872192382812;1060;-2.28;149.61999999999975;168.40872192382812;180.20388793945312;172.34043884277344;-0.02281366431085985;0.015564246050996156;0.6135;166.04968948364257;2.3590324401855582
2017-10-27;176.2721710205078;176.2721710205078;166.44287109375;171.02987670898438;171.02987670898438;270;1.56;151.17999999999975;166.44287109375;176.2721710205078;176.2721710205078;0.015564246050996156;-0.04214562121596832;0.6128;166.54115524291993;4.488721466064447
2017-10-30;167.09814453125;173.65101623535156;162.51113891601562;163.82171630859375;163.82171630859375;209;-4.21;146.96999999999974;162.51113891601562;173.65101623535156;167.09814453125;-0.04214562121596832;-0.01999996274293936;0.5749;166.08245468139648;-2.2607383728027344
2017-10-31;168.40872192382812;168.40872192382812;160.5452880859375;160.5452880859375;160.5452880859375;190;-2.0;144.96999999999974;160.5452880859375;168.40872192382812;168.40872192382812;-0.01999996274293936;0.012244836665812553;0.5666;165.75481185913085;-5.209523773193354
2017-11-01;161.85585021972656;167.09814453125;161.2005615234375;162.51113891601562;162.51113891601562;149;1.22;146.18999999999974;161.2005615234375;167.09814453125;161.85585021972656;0.012244836665812553;0.0;0.5526;165.2305824279785;-2.7194435119628793
2017-11-02;162.51113891601562;162.51113891601562;162.51113891601562;162.51113891601562;162.51113891601562;0;0.0;146.18999999999974;162.51113891601562;162.51113891601562;162.51113891601562;0.0;0.0;0.5521;164.67358856201173;-2.162449645996105
2017-11-03;163.82171630859375;168.40872192382812;155.30299377441406;162.51113891601562;162.51113891601562;433;0.0;146.18999999999974;155.30299377441406;168.40872192382812;163.82171630859375;0.0;0.052419408600484774;0.5489;164.28041610717773;-1.7692771911621037
2017-11-06;167.09814453125;172.9957275390625;163.82171630859375;171.02987670898438;171.02987670898438;384;5.24;151.42999999999975;163.82171630859375;172.9957275390625;167.09814453125;0.052419408600484774;0.01532562366765422;0.5786;164.44423828125;6.585638427734381
2017-11-07;165.78758239746094;173.65101623535156;162.51113891601562;173.65101623535156;173.65101623535156;227;1.53;152.95999999999975;162.51113891601562;173.65101623535156;165.78758239746094;0.01532562366765422;0.04150946281029144;0.5056;165.36163940429688;8.289376831054682
2017-11-08;174.9615936279297;183.48031616210938;172.9957275390625;180.8591766357422;180.8591766357422;1086;4.15;157.10999999999976;172.9957275390625;183.48031616210938;174.9615936279297;0.04150946281029144;-0.09057970922788028;0.5208;166.54115600585936;14.318020629882824
2017-11-09;182.1697540283203;189.37789916992188;163.82171630859375;164.4770050048828;164.4770050048828;2722;-9.06;148.04999999999976;163.82171630859375;189.37789916992188;182.1697540283203;-0.09057970922788028;0.015936206561454336;0.6266;166.9015640258789;-2.4245590209960994
2017-11-10;165.13229370117188;169.0640106201172;160.5452880859375;167.09814453125;167.09814453125;708;1.59;149.63999999999976;160.5452880859375;169.0640106201172;165.13229370117188;0.015936206561454336;-0.05490193356846684;0.6283;167.36026458740236;-0.2621200561523551
2017-11-13;167.09814453125;170.3745880126953;157.2688446044922;157.92413330078125;157.92413330078125;1211;-5.49;144.14999999999975;157.2688446044922;170.3745880126953;167.09814453125;-0.05490193356846684;-0.004149389219955446;0.6615;167.3930290222168;-9.468895721435558
2017-11-14;163.82171630859375;163.82171630859375;157.2688446044922;157.2688446044922;157.2688446044922;206;-0.41;143.73999999999975;157.2688446044922;163.82171630859375;163.82171630859375;-0.004149389219955446;0.0;0.644;167.0653854370117;-9.796540832519526
2017-11-15;157.2688446044922;157.2688446044922;157.2688446044922;157.2688446044922;157.2688446044922;0;0.0;143.73999999999975;157.2688446044922;157.2688446044922;157.2688446044922;0.0;0.016666713561405366;0.6347;166.5083915710449;-9.239546966552723
2017-11-16;157.92413330078125;167.09814453125;157.92413330078125;159.88999938964844;159.88999938964844;241;1.67;145.40999999999974;157.92413330078125;167.09814453125;157.92413330078125;0.016666713561405366;-0.0040983719981894096;0.638;166.14798431396486;-6.257984924316418
2017-11-17;160.5452880859375;162.51113891601562;158.5794219970703;159.23471069335938;159.23471069335938;88;-0.41;144.99999999999974;158.5794219970703;162.51113891601562;160.5452880859375;-0.0040983719981894096;0.0;0.5851;165.19781875610352;-5.963108062744141
2017-11-20;159.23471069335938;159.23471069335938;159.23471069335938;159.23471069335938;159.23471069335938;0;0.0;144.99999999999974;159.23471069335938;159.23471069335938;159.23471069335938;0.0;0.004115237773446134;0.5261;164.9029396057129;-5.668228912353527
2017-11-21;159.23471069335938;165.13229370117188;159.23471069335938;159.88999938964844;159.88999938964844;126;0.41;145.40999999999974;159.23471069335938;165.13229370117188;159.23471069335938;0.004115237773446134;-0.0040983719981894096;0.5253;164.5752960205078;-4.685296630859369
2017-11-22;162.51113891601562;162.51113891601562;159.23471069335938;159.23471069335938;159.23471069335938;32;-0.41;144.99999999999974;159.23471069335938;162.51113891601562;162.51113891601562;-0.0040983719981894096;0.008230475546892047;0.5069;163.9200096130371;-4.685298919677734
2017-11-23;158.5794219970703;160.5452880859375;157.2688446044922;160.5452880859375;160.5452880859375;114;0.82;145.81999999999974;157.2688446044922;160.5452880859375;158.5794219970703;0.008230475546892047;-0.02040821951555183;0.5032;163.52683792114257;-2.9815498352050724
2017-11-24;160.5452880859375;161.85585021972656;156.61355590820312;157.2688446044922;157.2688446044922;321;-2.04;143.77999999999975;156.61355590820312;161.85585021972656;160.5452880859375;-0.02040821951555183;0.012500035171054025;0.5028;162.83878631591796;-5.56994171142577
2017-11-27;157.2688446044922;162.51113891601562;157.2688446044922;159.23471069335938;159.23471069335938;238;1.25;145.02999999999975;157.2688446044922;162.51113891601562;157.2688446044922;0.012500035171054025;-0.004115237773446023;0.4845;162.60943603515625;-3.374725341796875
2017-11-28;159.23471069335938;167.09814453125;149.40541076660156;158.5794219970703;158.5794219970703;3264;-0.41;144.61999999999975;149.40541076660156;167.09814453125;159.23471069335938;-0.004115237773446023;0.13636363198992063;0.4794;162.5111427307129;-3.931720733642578
2017-11-29;161.85585021972656;187.41204833984375;155.30299377441406;180.20388793945312;180.20388793945312;4257;13.64;158.25999999999976;155.30299377441406;187.41204833984375;161.85585021972656;0.13636363198992063;-0.203636339927325;0.6818;163.39578018188476;16.808107757568365
2017-11-30;178.893310546875;182.1697540283203;143.50782775878906;143.50782775878906;143.50782775878906;13681;-20.36;137.89999999999975;143.50782775878906;182.1697540283203;178.893310546875;-0.203636339927325;-0.06849323370755911;1.0099;162.44561462402345;-18.937786865234386
2017-12-01;146.7842559814453;146.7842559814453;127.12564849853516;133.6785125732422;133.6785125732422;8152;-6.85;131.04999999999976;127.12564849853516;146.7842559814453;146.7842559814453;-0.06849323370755911;0.00490197477272214;1.0351;161.00398330688478;-27.32547073364259
2017-12-04;134.33380126953125;141.54196166992188;132.36795043945312;134.33380126953125;134.33380126953125;2412;0.49;131.53999999999976;132.36795043945312;141.54196166992188;134.33380126953125;0.00490197477272214;-0.024390199575178628;1.0121;159.1691795349121;-24.835378265380854
2017-12-05;135.64437866210938;137.61024475097656;130.40208435058594;131.057373046875;131.057373046875;1292;-2.44;129.09999999999977;130.40208435058594;137.61024475097656;135.64437866210938;-0.024390199575178628;-0.0250000116428315;1.0088;157.03949737548828;-25.98212432861328
2017-12-06;133.6785125732422;133.6785125732422;127.78093719482422;127.78093719482422;127.78093719482422;640;-2.5;126.59999999999977;127.78093719482422;133.6785125732422;133.6785125732422;-0.0250000116428315;0.0;0.9895;154.38558540344238;-26.60464820861816
2017-12-07;131.057373046875;133.6785125732422;127.78093719482422;127.78093719482422;127.78093719482422;323;0.0;126.59999999999977;127.78093719482422;133.6785125732422;131.057373046875;0.0;0.025641037888580298;0.9495;152.55078201293946;-24.769844818115246
2017-12-08;133.0232391357422;133.0232391357422;127.78093719482422;131.057373046875;131.057373046875;238;2.56;129.15999999999977;127.78093719482422;133.0232391357422;133.0232391357422;0.025641037888580298;0.019999939457276295;0.9537;150.7487434387207;-19.69137039184571
2017-12-11;131.71266174316406;134.33380126953125;131.057373046875;133.6785125732422;133.6785125732422;1016;2.0;131.15999999999977;131.057373046875;134.33380126953125;131.71266174316406;0.019999939457276295;-0.0245097597181978;0.9442;149.53646240234374;-15.857949829101557
2017-12-12;133.0232391357422;133.0232391357422;129.0915069580078;130.40208435058594;130.40208435058594;184;-2.45;128.70999999999978;129.0915069580078;133.0232391357422;133.0232391357422;-0.0245097597181978;-0.05527636162330796;0.9463;148.19312438964843;-17.791040039062494
2017-12-13;133.0232391357422;133.0232391357422;123.19393157958984;123.19393157958984;123.19393157958984;1832;-5.53;123.17999999999978;123.19393157958984;133.0232391357422;133.0232391357422;-0.05527636162330796;-0.053191513738386154;0.9607;146.48937873840333;-23.295447158813488
2017-12-14;123.8492202758789;123.8492202758789;116.64105987548828;116.64105987548828;116.64105987548828;1904;-5.32;117.85999999999979;116.64105987548828;123.8492202758789;123.8492202758789;-0.053191513738386154;0.028089901236736825;0.9667;144.32693176269532;-27.685871887207043
2017-12-15;117.9516372680664;120.57278442382812;117.9516372680664;119.91749572753906;119.91749572753906;198;2.81;120.66999999999979;117.9516372680664;120.57278442382812;117.9516372680664;0.028089901236736825;0.016393424892221065;0.9776;142.3610710144043;-22.44357528686524
2017-12-18;121.88335418701172;124.50450134277344;121.88335418701172;121.88335418701172;121.88335418701172;276;1.64;122.30999999999979;121.88335418701172;124.50450134277344;121.88335418701172;0.016393424892221065;-0.026881670959178372;0.9821;140.4935031890869;-18.61014900207519
2017-12-19;123.8492202758789;124.50450134277344;118.60692596435547;118.60692596435547;118.60692596435547;402;-2.69;119.61999999999979;118.60692596435547;124.50450134277344;123.8492202758789;-0.026881670959178372;0.011049689995147993;0.9818;138.42934951782226;-19.82242355346679
2017-12-20;120.57278442382812;121.22807312011719;117.29634857177734;119.91749572753906;119.91749572753906;408;1.1;120.71999999999979;117.29634857177734;121.22807312011719;120.57278442382812;0.011049689995147993;-0.016393424892221065;0.985;136.46348876953124;-16.545993041992176
2017-12-21;120.57278442382812;120.57278442382812;115.98577880859375;117.9516372680664;117.9516372680664;1136;-1.64;119.07999999999979;115.98577880859375;120.57278442382812;120.57278442382812;-0.016393424892221065;0.005555571007461291;0.9821;134.33380622863768;-16.382168960571278
2017-12-22;117.9516372680664;123.19393157958984;117.9516372680664;118.60692596435547;118.60692596435547;470;0.56;119.63999999999979;117.9516372680664;123.19393157958984;117.9516372680664;0.005555571007461291;0.0;0.984;132.40071029663085;-13.79378433227538
2017-12-25;118.60692596435547;118.60692596435547;118.60692596435547;118.60692596435547;118.60692596435547;0;0.0;119.63999999999979;118.60692596435547;118.60692596435547;118.60692596435547;0.0;0.011049689995147993;0.9809;130.36932106018065;-11.762395095825184
2017-12-26;120.57278442382812;120.57278442382812;115.98577880859375;119.91749572753906;119.91749572753906;412;1.1;120.73999999999978;115.98577880859375;120.57278442382812;120.57278442382812;0.011049689995147993;-0.021857921063638153;0.9841;128.4362247467041;-8.51872901916505
2017-12-27;116.64105987548828;120.57278442382812;116.64105987548828;117.29634857177734;117.29634857177734;294;-2.19;118.54999999999978;116.64105987548828;120.57278442382812;116.64105987548828;-0.021857921063638153;0.005586607803806265;0.8133;125.29084777832031;-7.994499206542969
2017-12-28;117.29634857177734;119.91749572753906;117.29634857177734;117.9516372680664;117.9516372680664;148;0.56;119.10999999999979;117.29634857177734;119.91749572753906;117.29634857177734;0.005586607803806265;0.0;0.4393;124.01303825378417;-6.061400985717768
2017-12-29;117.9516372680664;117.9516372680664;117.9516372680664;117.9516372680664;117.9516372680664;0;0.0;119.10999999999979;117.9516372680664;117.9516372680664;117.9516372680664;0.0;0.016666648339987766;0.3804;123.2266944885254;-5.27505722045899
2018-01-02;119.26220703125;119.91749572753906;117.29634857177734;119.91749572753906;119.91749572753906;383;1.67;120.77999999999979;117.29634857177734;119.91749572753906;119.26220703125;0.016666648339987766;0.021857921063638264;0.3871;122.50587921142578;-2.588383483886716
2018-01-03;121.22807312011719;122.53864288330078;120.57278442382812;122.53864288330078;122.53864288330078;122;2.19;122.96999999999979;120.57278442382812;122.53864288330078;121.22807312011719;0.021857921063638264;0.0;0.3917;122.07994270324707;0.45870018005371094
2018-01-04;119.91749572753906;124.50450134277344;119.91749572753906;122.53864288330078;122.53864288330078;468;0.0;122.96999999999979;119.91749572753906;124.50450134277344;119.91749572753906;0.0;0.053475898871734984;0.3831;121.8178279876709;0.7208148956298857
2018-01-05;123.19393157958984;136.29966735839844;122.53864288330078;129.0915069580078;129.0915069580078;2118;5.35;128.3199999999998;122.53864288330078;136.29966735839844;123.19393157958984;0.053475898871734984;0.040609134055803464;0.4305;121.88335647583008;7.208150482177729
2018-01-08;134.33380126953125;134.9890899658203;131.057373046875;134.33380126953125;134.33380126953125;1040;4.06;132.3799999999998;131.057373046875;134.9890899658203;134.33380126953125;0.040609134055803464;-0.053658518577416325;0.445;122.04717788696288;12.286623382568365
2018-01-09;133.6785125732422;134.33380126953125;127.12564849853516;127.12564849853516;127.12564849853516;505;-5.37;127.00999999999979;127.12564849853516;134.33380126953125;133.6785125732422;-0.053658518577416325;-0.005154593700279819;0.4801;121.71953468322754;5.40611381530762
2018-01-10;131.057373046875;131.057373046875;126.47036743164062;126.47036743164062;126.47036743164062;241;-0.52;126.4899999999998;126.47036743164062;131.057373046875;131.057373046875;-0.005154593700279819;0.020725325462377153;0.4729;121.52294883728027;4.947418594360357
2018-01-11;130.40208435058594;130.40208435058594;126.47036743164062;129.0915069580078;129.0915069580078;221;2.07;128.5599999999998;126.47036743164062;130.40208435058594;130.40208435058594;0.020725325462377153;0.005076156532142884;0.4327;121.81782760620118;7.273679351806635
2018-01-12;129.0915069580078;133.6785125732422;127.78093719482422;129.74679565429688;129.74679565429688;389;0.51;129.0699999999998;127.78093719482422;133.6785125732422;129.0915069580078;0.005076156532142884;-0.010100921006796826;0.379;122.47311439514161;7.273681259155268
2018-01-15;129.74679565429688;129.74679565429688;127.12564849853516;128.4362335205078;128.4362335205078;45;-1.01;128.0599999999998;127.12564849853516;129.74679565429688;129.74679565429688;-0.010100921006796826;-0.005102114159856286;0.3731;122.89905128479003;5.537182235717779
2018-01-16;129.74679565429688;132.36795043945312;125.1597900390625;127.78093719482422;127.78093719482422;766;-0.51;127.5499999999998;125.1597900390625;132.36795043945312;129.74679565429688;-0.005102114159856286;0.020512818369498476;0.3712;123.19393043518066;4.5870067596435575
2018-01-17;130.40208435058594;130.40208435058594;127.78093719482422;130.40208435058594;130.40208435058594;128;2.05;129.5999999999998;127.78093719482422;130.40208435058594;130.40208435058594;0.020512818369498476;-0.020100500454538484;0.3592;123.78368835449218;6.618395996093753
2018-01-18;130.40208435058594;130.40208435058594;126.47036743164062;127.78093719482422;127.78093719482422;270;-2.01;127.58999999999979;126.47036743164062;130.40208435058594;130.40208435058594;-0.020100500454538484;0.005128279225910415;0.3691;124.17686042785644;3.604076766967779
2018-01-19;127.78093719482422;133.0232391357422;127.78093719482422;128.4362335205078;128.4362335205078;265;0.51;128.0999999999998;127.78093719482422;133.0232391357422;127.78093719482422;0.005128279225910415;0.015306045468580498;0.3616;124.70109024047852;3.735143280029291
2018-01-22;128.4362335205078;130.40208435058594;127.12564849853516;130.40208435058594;130.40208435058594;137;1.53;129.6299999999998;127.12564849853516;130.40208435058594;128.4362335205078;0.015306045468580498;-0.020100500454538484;0.3636;125.29084815979004;5.111236190795893
2018-01-23;130.40208435058594;130.40208435058594;127.78093719482422;127.78093719482422;127.78093719482422;82;-2.01;127.61999999999979;127.78093719482422;130.40208435058594;130.40208435058594;-0.020100500454538484;0.01025637933133483;0.3741;125.74954872131347;2.031388473510745
2018-01-24;131.057373046875;131.057373046875;127.12564849853516;129.0915069580078;129.0915069580078;80;1.03;128.64999999999978;127.12564849853516;131.057373046875;131.057373046875;0.01025637933133483;0.0;0.374;126.20824928283692;2.8832576751708956
2018-01-25;129.0915069580078;129.0915069580078;129.0915069580078;129.0915069580078;129.0915069580078;0;0.0;128.64999999999978;129.0915069580078;129.0915069580078;129.0915069580078;0.0;0.005076156532142884;0.3618;126.79800720214844;2.293499755859372
2018-01-26;129.0915069580078;130.40208435058594;127.78093719482422;129.74679565429688;129.74679565429688;53;0.51;129.15999999999977;127.78093719482422;130.40208435058594;129.0915069580078;0.005076156532142884;-0.010100921006796826;0.3618;127.38776512145996;2.359030532836911
2018-01-29;129.74679565429688;132.36795043945312;128.4362335205078;128.4362335205078;128.4362335205078;625;-1.01;128.14999999999978;128.4362335205078;132.36795043945312;129.74679565429688;-0.010100921006796826;-0.005102114159856286;0.3654;127.91199493408203;0.5242385864257812
2018-01-30;128.4362335205078;131.057373046875;127.78093719482422;127.78093719482422;127.78093719482422;196;-0.51;127.63999999999977;127.78093719482422;131.057373046875;128.4362335205078;-0.005102114159856286;0.015384598850416653;0.364;128.3051670074463;-0.5242298126220817
2018-01-31;129.74679565429688;133.6785125732422;128.4362335205078;129.74679565429688;129.74679565429688;555;1.54;129.17999999999978;128.4362335205078;133.6785125732422;129.74679565429688;0.015384598850416653;-0.01515149911455671;0.3603;128.6655746459961;1.081221008300787
2018-02-01;131.71266174316406;131.71266174316406;127.78093719482422;127.78093719482422;127.78093719482422;369;-1.52;127.65999999999978;127.78093719482422;131.71266174316406;131.71266174316406;-0.01515149911455671;-0.01025637933133483;0.366;128.92768936157228;-1.1467521667480582
2018-02-02;127.12564849853516;129.74679565429688;125.81507873535156;126.47036743164062;126.47036743164062;268;-1.03;126.62999999999978;125.81507873535156;129.74679565429688;127.12564849853516;-0.01025637933133483;0.005181301202819011;0.3142;128.7966323852539;-2.3262649536132756
2018-02-05;126.47036743164062;127.12564849853516;125.1597900390625;127.12564849853516;127.12564849853516;201;0.52;127.14999999999978;125.1597900390625;127.12564849853516;126.47036743164062;0.005181301202819011;-0.025773148545189195;0.2749;128.4362247467041;-1.3105762481689567
2018-02-06;127.12564849853516;127.12564849853516;123.8492202758789;123.8492202758789;123.8492202758789;390;-2.58;124.56999999999978;123.8492202758789;127.12564849853516;127.12564849853516;-0.025773148545189195;0.0;0.2183;128.27240333557128;-4.423183059692377
2018-02-07;123.8492202758789;124.50450134277344;123.8492202758789;123.8492202758789;123.8492202758789;125;0.0;124.56999999999978;123.8492202758789;124.50450134277344;123.8492202758789;0.0;-0.005291019958215126;0.2178;128.1413459777832;-4.292125701904297
2018-02-08;127.12564849853516;127.12564849853516;123.19393157958984;123.19393157958984;123.19393157958984;177;-0.53;124.03999999999978;123.19393157958984;127.12564849853516;127.12564849853516;-0.005291019958215126;0.015957429349534147;0.2025;127.84646720886231;-4.652535629272464
2018-02-09;122.53864288330078;125.1597900390625;121.88335418701172;125.1597900390625;125.1597900390625;67;1.6;125.63999999999977;121.88335418701172;125.1597900390625;122.53864288330078;0.015957429349534147;0.005235616775040475;0.2112;127.61711692810059;-2.457326889038086
2018-02-14;125.81507873535156;125.81507873535156;125.81507873535156;125.81507873535156;125.81507873535156;1;0.52;126.15999999999977;125.81507873535156;125.81507873535156;125.81507873535156;0.005235616775040475;-0.015624982945071197;0.2101;127.48605918884277;-1.670980453491211
2018-02-15;125.1597900390625;125.1597900390625;121.88335418701172;123.8492202758789;123.8492202758789;123;-1.56;124.59999999999977;121.88335418701172;125.1597900390625;125.1597900390625;-0.015624982945071197;-0.005291019958215126;0.2161;127.2894733428955;-3.4402530670165987
2018-02-16;123.8492202758789;123.8492202758789;122.53864288330078;123.19393157958984;123.19393157958984;71;-0.53;124.06999999999977;122.53864288330078;123.8492202758789;123.8492202758789;-0.005291019958215126;0.0;0.2001;126.9290657043457;-3.7351341247558594
2018-02-19;121.88335418701172;124.50450134277344;121.88335418701172;123.19393157958984;123.19393157958984;53;0.0;124.06999999999977;121.88335418701172;124.50450134277344;121.88335418701172;0.0;0.015957429349534147;0.1895;126.69971542358398;-3.505783843994138
2018-02-20;125.81507873535156;131.057373046875;123.19393157958984;125.1597900390625;125.1597900390625;358;1.6;125.66999999999976;123.19393157958984;131.057373046875;125.81507873535156;0.015957429349534147;0.005235616775040475;0.1984;126.53589324951172;-1.376103210449216
2018-02-21;125.1597900390625;125.81507873535156;124.50450134277344;125.81507873535156;125.81507873535156;111;0.52;126.18999999999976;124.50450134277344;125.81507873535156;125.1597900390625;0.005235616775040475;0.0;0.1903;126.30654296875;-0.4914642333984318
2018-02-22;124.50450134277344;126.47036743164062;123.8492202758789;125.81507873535156;125.81507873535156;584;0.0;126.18999999999976;123.8492202758789;126.47036743164062;124.50450134277344;0.0;0.04166666161335453;0.1775;126.20825004577637;-0.3931713104248047
2018-02-23;127.78093719482422;131.057373046875;126.47036743164062;131.057373046875;131.057373046875;526;4.17;130.35999999999976;126.47036743164062;131.057373046875;127.78093719482422;0.04166666161335453;-0.03999999534286747;0.2304;126.30654335021973;4.750829696655273
2018-02-26;131.057373046875;131.057373046875;125.81507873535156;125.81507873535156;125.81507873535156;361;-4.0;126.35999999999976;125.81507873535156;131.057373046875;131.057373046875;-0.03999999534286747;0.02604161802853633;0.2723;126.14272193908691;-0.3276432037353487
2018-02-27;129.0915069580078;129.0915069580078;127.78093719482422;129.0915069580078;129.0915069580078;186;2.6;128.95999999999975;127.78093719482422;129.0915069580078;129.0915069580078;0.02604161802853633;-0.030456820991517808;0.2884;126.10995750427246;2.9815494537353544
2018-02-28;127.78093719482422;129.74679565429688;125.1597900390625;125.1597900390625;125.1597900390625;123;-3.05;125.90999999999976;125.1597900390625;129.74679565429688;127.78093719482422;-0.030456820991517808;0.026178083875202596;0.3062;125.94613533020019;-0.7863452911376925
2018-03-01;125.81507873535156;128.4362335205078;125.81507873535156;128.4362335205078;128.4362335205078;109;2.62;128.52999999999975;125.81507873535156;128.4362335205078;125.81507873535156;0.026178083875202596;-0.02551027378829318;0.3206;125.97890014648438;2.4573333740234347
2018-03-02;125.81507873535156;128.4362335205078;125.1597900390625;125.1597900390625;125.1597900390625;186;-2.55;125.97999999999975;125.1597900390625;128.4362335205078;125.81507873535156;-0.02551027378829318;0.020942406142928638;0.3281;125.74954986572266;-0.5897598266601562
2018-03-05;128.4362335205078;128.4362335205078;125.81507873535156;127.78093719482422;127.78093719482422;68;2.09;128.06999999999974;125.81507873535156;128.4362335205078;128.4362335205078;0.020942406142928638;-0.020512818369498476;0.3333;125.74954986572266;2.0313873291015625
2018-03-06;127.12564849853516;127.12564849853516;125.1597900390625;125.1597900390625;125.1597900390625;19;-2.05;126.01999999999974;125.1597900390625;127.12564849853516;127.12564849853516;-0.020512818369498476;0.0;0.3395;125.68402099609375;-0.52423095703125
2018-03-07;128.4362335205078;128.4362335205078;125.1597900390625;125.1597900390625;125.1597900390625;21;0.0;126.01999999999974;125.1597900390625;128.4362335205078;128.4362335205078;0.0;0.0;0.3389;125.58572807312012;-0.42593803405762287
2018-03-08;124.50450134277344;128.4362335205078;121.22807312011719;125.1597900390625;125.1597900390625;355;0.0;126.01999999999974;121.22807312011719;128.4362335205078;124.50450134277344;0.0;0.01047123355008095;0.3256;125.6512565612793;-0.4914665222167969
2018-03-09;128.4362335205078;129.0915069580078;123.19393157958984;126.47036743164062;126.47036743164062;286;1.05;127.06999999999974;123.19393157958984;129.0915069580078;128.4362335205078;0.01047123355008095;0.005181301202819011;0.3274;125.78231391906738;0.6880535125732479
2018-03-12;126.47036743164062;127.12564849853516;125.1597900390625;127.12564849853516;127.12564849853516;33;0.52;127.58999999999973;125.1597900390625;127.12564849853516;126.47036743164062;0.005181301202819011;0.030927862274662488;0.3267;125.97889976501465;1.1467487335205107
2018-03-13;127.12564849853516;142.8525390625;127.12564849853516;131.057373046875;131.057373046875;1741;3.09;130.67999999999972;127.12564849853516;142.8525390625;127.12564849853516;0.030927862274662488;0.09500003259992806;0.3394;126.27377891540527;4.783594131469727
2018-03-14;134.33380126953125;147.43954467773438;134.33380126953125;143.50782775878906;143.50782775878906;3749;9.5;140.17999999999972;134.33380126953125;147.43954467773438;134.33380126953125;0.09500003259992806;0.027397229686688673;0.4724;127.15841636657714;16.34941139221192
2018-03-15;147.43954467773438;152.02655029296875;139.5760955810547;147.43954467773438;147.43954467773438;1959;2.74;142.91999999999973;139.5760955810547;152.02655029296875;147.43954467773438;0.027397229686688673;-0.04133432851082075;0.4697;128.33793258666992;19.101612091064453
2018-03-16;153.24798583984375;153.24798583984375;132.4181671142578;141.34523010253906;141.34523010253906;4646;-4.13;138.78999999999974;132.4181671142578;153.24798583984375;153.24798583984375;-0.04133432851082075;0.01578946629788125;0.5009;129.2454975128174;12.099732589721668
2018-03-19;146.5526885986328;153.24798583984375;139.85739135742188;143.57699584960938;143.57699584960938;2222;1.58;140.36999999999975;139.85739135742188;153.24798583984375;146.5526885986328;0.01578946629788125;-0.051813483066300736;0.5009;130.26465072631837;13.31234512329101
2018-03-20;150.2722930908203;152.5040740966797;135.39385986328125;136.1377716064453;136.1377716064453;2088;-5.18;135.18999999999974;135.39385986328125;152.5040740966797;150.2722930908203;-0.051813483066300736;-0.07103820083670287;0.5429;130.8135498046875;5.324221801757801
2018-03-21;143.57699584960938;143.57699584960938;126.46678924560547;126.46678924560547;126.46678924560547;1795;-7.1;128.08999999999975;126.46678924560547;143.57699584960938;143.57699584960938;-0.07103820083670287;-0.04117649010587732;0.6059;130.84613533020018;-4.379346084594715
2018-03-22;131.6742401123047;131.6742401123047;119.0275650024414;121.25933074951172;121.25933074951172;1028;-4.12;123.96999999999974;119.0275650024414;131.6742401123047;131.6742401123047;-0.04117649010587732;0.024539907408613226;0.6241;130.61834793090821;-9.359017181396496
2018-03-23;122.00325775146484;124.97894287109375;121.25933074951172;124.23502349853516;124.23502349853516;303;2.45;126.41999999999975;121.25933074951172;124.97894287109375;122.00325775146484;0.024539907408613226;-0.011976062245677932;0.6113;130.2772304534912;-6.042206954956043
2018-03-26;125.72286224365234;125.72286224365234;121.25933074951172;122.74717712402344;122.74717712402344;129;-1.2;125.21999999999974;121.25933074951172;125.72286224365234;125.72286224365234;-0.011976062245677932;0.024242391469599944;0.5961;130.12383537292482;-7.376658248901379
2018-03-27;122.74717712402344;127.95463562011719;122.74717712402344;125.72286224365234;125.72286224365234;258;2.42;127.63999999999974;122.74717712402344;127.95463562011719;122.74717712402344;0.024242391469599944;-0.02958574459575114;0.5951;129.95540313720704;-4.232540893554699
2018-03-28;122.74717712402344;125.72286224365234;122.00325775146484;122.00325775146484;122.00325775146484;43;-2.96;124.67999999999975;122.00325775146484;125.72286224365234;122.74717712402344;-0.02958574459575114;-0.024390272881772423;0.5945;129.79757652282714;-7.794318771362299
2018-03-29;122.00325775146484;122.00325775146484;119.0275650024414;119.0275650024414;119.0275650024414;276;-2.44;122.23999999999975;119.0275650024414;122.00325775146484;122.00325775146484;-0.024390272881772423;-0.006249975562747423;0.5914;129.32714309692383;-10.299578094482428
2018-04-02;118.28364562988281;121.25933074951172;118.28364562988281;118.28364562988281;118.28364562988281;235;-0.62;121.61999999999975;118.28364562988281;121.25933074951172;118.28364562988281;-0.006249975562747423;-0.012578631361830794;0.5856;128.98333587646485;-10.699690246582037
2018-04-03;118.28364562988281;119.0275650024414;116.05187225341797;116.7957992553711;116.7957992553711;147;-1.26;120.35999999999974;116.05187225341797;119.0275650024414;118.28364562988281;-0.012578631361830794;0.050955410268136436;0.5802;128.4340789794922;-11.638279724121105
2018-04-04;115.30795288085938;126.46678924560547;115.30795288085938;122.74717712402344;122.74717712402344;604;5.1;125.45999999999974;115.30795288085938;126.46678924560547;115.30795288085938;0.050955410268136436;-0.030303035953517243;0.6078;128.31344833374024;-5.566271209716803
2018-04-05;123.49109649658203;126.46678924560547;119.0275650024414;119.0275650024414;119.0275650024414;319;-3.03;122.42999999999974;119.0275650024414;126.46678924560547;123.49109649658203;-0.030303035953517243;0.006249975562747423;0.617;128.00683708190917;-8.979272079467762
2018-04-06;120.51541137695312;124.23502349853516;119.0275650024414;119.771484375;119.771484375;151;0.62;123.04999999999974;119.0275650024414;124.23502349853516;120.51541137695312;0.006249975562747423;0.006211219689186809;0.6177;127.73742179870605;-7.965937423706052
2018-04-09;119.771484375;126.46678924560547;119.771484375;120.51541137695312;120.51541137695312;215;0.62;123.66999999999975;119.771484375;126.46678924560547;119.771484375;0.006211219689186809;-0.03703708158597174;0.6167;127.43967399597167;-6.924262619018549
2018-04-10;122.00325775146484;122.00325775146484;116.05187225341797;116.05187225341797;116.05187225341797;161;-3.7;119.96999999999974;116.05187225341797;122.00325775146484;122.00325775146484;-0.03703708158597174;-0.019230760380986256;0.6286;126.88598518371582;-10.834112930297849
2018-04-11;119.0275650024414;119.0275650024414;113.82010650634766;113.82010650634766;113.82010650634766;40;-1.92;118.04999999999974;113.82010650634766;119.0275650024414;119.0275650024414;-0.019230760380986256;-0.07189541344583339;0.6169;126.02412185668945;-12.204015350341791
2018-04-12;115.30795288085938;118.28364562988281;104.8930435180664;105.636962890625;105.636962890625;1313;-7.19;110.85999999999974;104.8930435180664;118.28364562988281;115.30795288085938;-0.07189541344583339;0.021126750391158522;0.532;124.13057861328124;-18.493615722656244
2018-04-13;107.86872863769531;111.58834075927734;107.86872863769531;107.86872863769531;107.86872863769531;267;2.11;112.96999999999974;107.86872863769531;111.58834075927734;107.86872863769531;0.021126750391158522;-0.01379312052067505;0.5259;122.1520378112793;-14.283309173583987
2018-04-16;107.12480926513672;107.12480926513672;106.3808822631836;106.3808822631836;106.3808822631836;48;-1.38;111.58999999999975;106.3808822631836;107.12480926513672;107.12480926513672;-0.01379312052067505;-0.006992979910790287;0.5166;120.40382041931153;-14.022938156127935
2018-04-17;107.12480926513672;108.61265563964844;104.8930435180664;105.636962890625;105.636962890625;327;-0.7;110.88999999999974;104.8930435180664;108.61265563964844;107.12480926513672;-0.006992979910790287;0.06338032339625;0.5056;118.5068187713623;-12.869855880737305
2018-04-18;109.35657501220703;113.07618713378906;107.12480926513672;112.33226776123047;112.33226776123047;287;6.34;117.22999999999975;107.12480926513672;113.07618713378906;109.35657501220703;0.06338032339625;-0.019867607241835672;0.5563;117.31654357910156;-4.984275817871094
2018-04-19;113.82010650634766;117.53971862792969;110.10049438476562;110.10049438476562;110.10049438476562;165;-1.99;115.23999999999975;110.10049438476562;117.53971862792969;113.82010650634766;-0.019867607241835672;0.0;0.5082;116.49822883605957;-6.3977344512939425
2018-04-20;113.07618713378906;115.30795288085938;110.10049438476562;110.10049438476562;110.10049438476562;38;0.0;115.23999999999975;110.10049438476562;115.30795288085938;113.07618713378906;0.0;0.054054052181220946;0.4916;115.94028701782227;-5.839792633056646
2018-04-23;113.07618713378906;118.28364562988281;110.10049438476562;116.05187225341797;116.05187225341797;192;5.41;120.64999999999975;110.10049438476562;118.28364562988281;113.07618713378906;0.054054052181220946;-0.019230760380986256;0.5247;115.5311294555664;0.5207427978515682
2018-04-24;115.30795288085938;115.30795288085938;113.07618713378906;113.82010650634766;113.82010650634766;88;-1.92;118.72999999999975;113.07618713378906;115.30795288085938;115.30795288085938;-0.019230760380986256;-0.013071844604487404;0.527;115.08477592468262;-1.264669418334961
2018-04-25;110.84442138671875;113.82010650634766;110.84442138671875;112.33226776123047;112.33226776123047;9;-1.31;117.41999999999975;110.84442138671875;113.82010650634766;110.84442138671875;-0.013071844604487404;0.006622490468543241;0.5177;114.41524620056153;-2.0829784393310575
2018-04-26;116.7957992553711;116.7957992553711;113.07618713378906;113.07618713378906;113.07618713378906;16;0.66;118.07999999999974;113.07618713378906;116.7957992553711;116.7957992553711;0.006622490468543241;0.013157910716880883;0.5109;113.96889266967773;-0.8927055358886662
2018-04-27;111.58834075927734;114.56403350830078;111.58834075927734;114.56403350830078;114.56403350830078;21;1.32;119.39999999999974;111.58834075927734;114.56403350830078;111.58834075927734;0.013157910716880883;-0.03246753808919034;0.5077;113.7457160949707;0.8183174133300781
2018-04-30;111.58834075927734;111.58834075927734;110.84442138671875;110.84442138671875;110.84442138671875;68;-3.25;116.14999999999974;110.84442138671875;111.58834075927734;111.58834075927734;-0.03246753808919034;0.02684560109026335;0.5194;113.3737548828125;-2.5293334960937557
2018-05-02;110.10049438476562;113.82010650634766;107.86872863769531;113.82010650634766;113.82010650634766;141;2.68;118.82999999999974;107.86872863769531;113.82010650634766;110.10049438476562;0.02684560109026335;-0.013071844604487404;0.5283;113.22497024536133;0.5951362609863224
2018-05-03;111.58834075927734;114.56403350830078;109.35657501220703;112.33226776123047;112.33226776123047;259;-1.31;117.51999999999974;109.35657501220703;114.56403350830078;111.58834075927734;-0.013071844604487404;-0.046357637034111554;0.4929;112.70422477722168;-0.3719570159912138
2018-05-04;108.61265563964844;108.61265563964844;104.14911651611328;107.12480926513672;107.12480926513672;92;-4.64;112.87999999999974;104.14911651611328;108.61265563964844;108.61265563964844;-0.046357637034111554;0.0;0.5073;112.10908699035645;-4.984277725219727
2018-05-07;107.12480926513672;107.12480926513672;107.12480926513672;107.12480926513672;107.12480926513672;55;0.0;112.87999999999974;107.12480926513672;107.12480926513672;107.12480926513672;0.0;-0.02777781140929292;0.506;111.47675323486328;-4.3519439697265625
2018-05-08;106.3808822631836;106.3808822631836;104.14911651611328;104.14911651611328;104.14911651611328;77;-2.78;110.09999999999974;104.14911651611328;106.3808822631836;106.3808822631836;-0.02777781140929292;0.0;0.5103;110.65843849182129;-6.509321975708005
2018-05-09;106.3808822631836;111.58834075927734;104.14911651611328;104.14911651611328;104.14911651611328;52;0.0;110.09999999999974;104.14911651611328;111.58834075927734;106.3808822631836;0.0;0.014285732076100066;0.498;110.06330070495605;-5.914184188842768
2018-05-10;104.14911651611328;110.10049438476562;101.91735076904297;105.636962890625;105.636962890625;33;1.43;111.52999999999975;101.91735076904297;110.10049438476562;104.14911651611328;0.014285732076100066;0.03521127472618901;0.4994;109.65414352416992;-4.017180633544925
2018-05-11;110.10049438476562;110.10049438476562;104.14911651611328;109.35657501220703;109.35657501220703;286;3.52;115.04999999999974;104.14911651611328;110.10049438476562;110.10049438476562;0.03521127472618901;-0.020408153298703713;0.446;109.84012413024902;-0.4835491180419922
2018-05-14;104.14911651611328;107.12480926513672;102.6612777709961;107.12480926513672;107.12480926513672;63;-2.04;113.00999999999974;102.6612777709961;107.12480926513672;104.14911651611328;-0.020408153298703713;-0.04861113435642306;0.4469;109.8029281616211;-2.678118896484378
2018-05-15;110.10049438476562;110.10049438476562;101.91735076904297;101.91735076904297;101.91735076904297;9;-4.86;108.14999999999974;101.91735076904297;110.10049438476562;110.10049438476562;-0.04861113435642306;0.029197116355258457;0.4772;109.57975158691406;-7.662400817871088
2018-05-16;107.86872863769531;107.86872863769531;104.14911651611328;104.8930435180664;104.8930435180664;88;2.92;111.06999999999974;104.14911651611328;107.86872863769531;107.86872863769531;0.029197116355258457;0.021276584911809948;0.4891;109.54255561828613;-4.649512100219724
2018-05-17;110.10049438476562;110.84442138671875;107.12480926513672;107.12480926513672;107.12480926513672;129;2.13;113.19999999999973;107.12480926513672;110.84442138671875;110.10049438476562;0.021276584911809948;-0.013888905704646404;0.4368;109.28218269348145;-2.1573734283447266
2018-05-18;110.10049438476562;110.10049438476562;104.14911651611328;105.636962890625;105.636962890625;63;-1.39;111.80999999999973;104.14911651611328;110.10049438476562;110.10049438476562;-0.013888905704646404;-0.021126750391158522;0.4341;109.05900611877442;-3.4220432281494197
2018-05-21;109.35657501220703;109.35657501220703;103.40519714355469;103.40519714355469;103.40519714355469;10;-2.11;109.69999999999973;103.40519714355469;109.35657501220703;109.35657501220703;-0.021126750391158522;-0.050359736647127895;0.4395;108.72424125671387;-5.31904411315918
2018-05-22;100.42950439453125;107.12480926513672;89.27067565917969;98.19773864746094;98.19773864746094;616;-5.04;104.65999999999973;89.27067565917969;107.12480926513672;100.42950439453125;-0.050359736647127895;0.0;0.4161;107.83153457641602;-9.633795928955081
2018-05-23;98.19773864746094;98.19773864746094;95.96597290039062;98.19773864746094;98.19773864746094;98;0.0;104.65999999999973;95.96597290039062;98.19773864746094;98.19773864746094;0.0;-0.015151533986472177;0.4148;107.05041618347168;-8.852677536010745
2018-05-24;93.73420715332031;96.70989227294922;89.27067565917969;96.70989227294922;96.70989227294922;137;-1.52;103.13999999999973;89.27067565917969;96.70989227294922;93.73420715332031;-0.015151533986472177;-0.07692301623885023;0.4152;106.26929740905761;-9.559405136108396
2018-05-25;96.70989227294922;96.70989227294922;89.27067565917969;89.27067565917969;89.27067565917969;56;-7.69;95.44999999999973;89.27067565917969;96.70989227294922;96.70989227294922;-0.07692301623885023;-0.12500002136590338;0.4795;105.07902183532715;-15.808346176147467
2018-05-28;96.70989227294922;96.70989227294922;74.39222717285156;78.1118392944336;78.1118392944336;1213;-12.5;82.94999999999973;74.39222717285156;96.70989227294922;96.70989227294922;-0.12500002136590338;-0.09523811384241976;0.617;103.25641212463378;-25.14457283020019
2018-05-29;84.06321716308594;84.06321716308594;69.92869567871094;70.67261505126953;70.67261505126953;1494;-9.52;73.42999999999974;69.92869567871094;84.06321716308594;84.06321716308594;-0.09523811384241976;-0.473684204844524;0.6739;101.24782180786133;-30.575206756591797
2018-05-30;71.41654205322266;74.39222717285156;37.19611358642578;37.19611358642578;37.19611358642578;12767;-47.37;26.05999999999974;37.19611358642578;74.39222717285156;71.41654205322266;-0.473684204844524;-0.13999996718197127;1.7236;97.41662216186523;-60.22050857543945
2018-06-01;40.91572570800781;44.635337829589844;27.525123596191406;31.988658905029297;31.988658905029297;14219;-14.0;12.05999999999974;27.525123596191406;44.635337829589844;40.91572570800781;-0.13999996718197127;-0.06976746543344658;1.7498;93.39944171905518;-61.41078281402588
2018-06-04;33.47650146484375;34.96434783935547;29.75689125061035;29.75689125061035;29.75689125061035;7022;-6.98;5.079999999999739;29.75689125061035;34.96434783935547;33.47650146484375;-0.06976746543344658;-0.5000000320488558;1.7506;89.53104581832886;-59.77415456771851
2018-06-05;26.78120231628418;26.78120231628418;14.134523391723633;14.87844467163086;14.87844467163086;54503;-50.0;-44.92000000000026;14.134523391723633;26.78120231628418;26.78120231628418;-0.5000000320488558;0.45000006409771576;2.3452;84.91872758865357;-70.04028291702271
2018-06-06;13.39060115814209;22.317668914794922;8.183144569396973;21.573745727539062;21.573745727539062;201326;45.0;0.0799999999997425;8.183144569396973;22.317668914794922;13.39060115814209;0.45000006409771576;-0.06896551419273655;3.004;80.78995904922485;-59.216213321685785
2018-06-07;22.317668914794922;23.06159019470215;17.110212326049805;20.085901260375977;20.085901260375977;81220;-6.9;-6.820000000000258;17.110212326049805;23.06159019470215;22.317668914794922;-0.06896551419273655;-0.11111115331536636;2.9972;76.58679828643798;-56.500897026062006
2018-06-08;20.085901260375977;21.573745727539062;17.85413360595703;17.85413360595703;17.85413360595703;57030;-11.11;-17.930000000000256;17.85413360595703;21.573745727539062;20.085901260375977;-0.11111115331536636;-0.08333333333333337;2.9899;72.19765682220459;-54.34352321624756
2018-06-11;17.85413360595703;19.341978073120117;15.622366905212402;16.366289138793945;16.366289138793945;39474;-8.33;-26.260000000000254;15.622366905212402;19.341978073120117;17.85413360595703;-0.08333333333333337;-0.09090909090909094;2.9668;67.54814252853393;-51.181853389739985
2018-06-12;15.622366905212402;16.366289138793945;13.39060115814209;14.87844467163086;14.87844467163086;33683;-9.09;-35.35000000000025;13.39060115814209;16.366289138793945;15.622366905212402;-0.09090909090909094;-0.049999935902284354;2.9615;62.93582429885864;-48.05737962722778
2018-06-13;14.87844467163086;15.622366905212402;12.64667797088623;14.134523391723633;14.134523391723633;35811;-5.0;-40.35000000000025;12.64667797088623;15.622366905212402;14.87844467163086;-0.049999935902284354;-0.1052632182637725;2.9614;58.54668292999268;-44.412159538269044
2018-06-14;13.39060115814209;13.39060115814209;11.902755737304688;12.64667797088623;12.64667797088623;51318;-10.53;-50.88000000000025;11.902755737304688;13.39060115814209;13.39060115814209;-0.1052632182637725;-0.11764698341445212;2.9375;53.93436465263367;-41.28768668174744
2018-06-15;13.39060115814209;13.39060115814209;11.158834457397461;11.158834457397461;11.158834457397461;38220;-11.76;-62.64000000000025;11.158834457397461;13.39060115814209;13.39060115814209;-0.11764698341445212;0.2666666438763696;2.9146;49.13606591224671;-37.977231454849246
2018-06-18;11.158834457397461;15.622366905212402;11.158834457397461;14.134523391723633;14.134523391723633;105962;26.67;-35.97000000000025;11.158834457397461;15.622366905212402;11.158834457397461;0.2666666438763696;-0.05263157539624863;3.1682;44.56094393730164;-30.426420545578004
2018-06-19;14.87844467163086;14.87844467163086;13.39060115814209;13.39060115814209;13.39060115814209;22963;-5.26;-41.230000000000246;13.39060115814209;14.87844467163086;14.87844467163086;-0.05263157539624863;0.0;3.1633;40.06021413803101;-26.669612979888917
2018-06-20;13.39060115814209;14.134523391723633;12.64667797088623;13.39060115814209;13.39060115814209;37579;0.0;-41.230000000000246;12.64667797088623;14.134523391723633;13.39060115814209;0.0;0.0;3.1736;35.81985726356506;-22.429256105422972
2018-06-21;13.39060115814209;14.134523391723633;12.64667797088623;13.39060115814209;13.39060115814209;16645;0.0;-41.230000000000246;12.64667797088623;14.134523391723633;13.39060115814209;0.0;0.0;3.1736;31.57950038909912;-18.18889923095703
2018-06-22;13.39060115814209;14.87844467163086;13.39060115814209;13.39060115814209;13.39060115814209;21601;0.0;-41.230000000000246;13.39060115814209;14.87844467163086;13.39060115814209;0.0;0.055555551598906794;3.1777;27.413535833358765;-14.022934675216675
2018-06-25;14.134523391723633;14.87844467163086;13.39060115814209;14.134523391723633;14.134523391723633;17263;5.56;-35.67000000000024;13.39060115814209;14.87844467163086;14.134523391723633;0.055555551598906794;0.36842096030246574;3.2097;23.65672821998596;-9.522204828262328
2018-06-26;14.134523391723633;20.085901260375977;14.134523391723633;19.341978073120117;19.341978073120117;91584;36.84;1.1699999999997601;14.134523391723633;20.085901260375977;14.134523391723633;0.36842096030246574;-0.03846148915560332;3.5485;20.718235158920287;-1.3762570858001695
2018-06-27;20.829822540283203;22.317668914794922;17.85413360595703;18.59805679321289;18.59805679321289;128432;-3.85;-2.68000000000024;17.85413360595703;22.317668914794922;20.829822540283203;-0.03846148915560332;0.03999994667070328;3.5427;18.114507246017457;0.48354954719543386
2018-06-28;19.341978073120117;20.085901260375977;17.85413360595703;19.341978073120117;19.341978073120117;64500;4.0;1.31999999999976;17.85413360595703;20.085901260375977;19.341978073120117;0.03999994667070328;0.11538466469055053;3.1527;17.22180047035217;2.1201776027679458
2018-06-29;20.085901260375977;21.573745727539062;19.341978073120117;21.573745727539062;21.573745727539062;502209;11.54;12.85999999999976;19.341978073120117;21.573745727539062;20.085901260375977;0.11538466469055053;0.20689654257820989;3.1459;16.70105481147766;4.872690916061401
2018-07-02;23.805513381958008;28.269046783447266;23.06159019470215;26.03727912902832;26.03727912902832;150554;20.69;33.54999999999976;23.06159019470215;28.269046783447266;23.805513381958008;0.20689654257820989;-0.0571428550498706;3.2166;16.51507420539856;9.522204923629761
2018-07-03;26.78120231628418;27.525123596191406;23.06159019470215;24.549434661865234;24.549434661865234;85607;-5.71;27.839999999999762;23.06159019470215;27.525123596191406;26.78120231628418;-0.0571428550498706;0.09090912622463532;2.6032;16.99862370491028;7.550810956954955
2018-07-04;23.805513381958008;26.78120231628418;20.085901260375977;26.78120231628418;26.78120231628418;175424;9.09;36.929999999999765;20.085901260375977;26.78120231628418;23.805513381958008;0.09090912622463532;-0.0833333630081996;2.1122;17.258996534347535;9.522205781936645
2018-07-05;26.78120231628418;26.78120231628418;23.805513381958008;24.549434661865234;24.549434661865234;116053;-8.33;28.599999999999767;23.805513381958008;26.78120231628418;26.78120231628418;-0.0833333630081996;-0.03030299027874661;2.1207;17.482173204421997;7.067261457443237
2018-07-06;23.805513381958008;24.549434661865234;22.317668914794922;23.805513381958008;23.805513381958008;45319;-3.03;25.569999999999766;22.317668914794922;24.549434661865234;23.805513381958008;-0.03030299027874661;-0.12500007010687086;2.0745;17.779742193222045;6.025771188735963
2018-07-10;23.805513381958008;24.549434661865234;20.829822540283203;20.829822540283203;20.829822540283203;39293;-12.5;13.069999999999766;20.829822540283203;24.549434661865234;23.805513381958008;-0.12500007010687086;0.0;2.1075;18.002918863296507;2.8269036769866958
2018-07-11;21.573745727539062;22.317668914794922;19.341978073120117;20.829822540283203;20.829822540283203;68665;0.0;13.069999999999766;19.341978073120117;22.317668914794922;21.573745727539062;0.0;0.0;2.0686;18.300487756729126;2.529334783554077
2018-07-12;20.829822540283203;21.573745727539062;20.085901260375977;20.829822540283203;20.829822540283203;25689;0.0;13.069999999999766;20.085901260375977;21.573745727539062;20.829822540283203;0.0;0.07142866299673667;2.0523;18.635252714157104;2.1945698261260986
2018-07-13;20.829822540283203;23.06159019470215;20.085901260375977;22.317668914794922;22.317668914794922;71340;7.14;20.209999999999766;20.085901260375977;23.06159019470215;20.829822540283203;0.07142866299673667;-0.03333337321635299;1.9967;19.11880226135254;3.1988666534423835
2018-07-16;22.317668914794922;22.317668914794922;20.829822540283203;21.573745727539062;21.573745727539062;21078;-3.33;16.879999999999768;20.829822540283203;22.317668914794922;22.317668914794922;-0.03333337321635299;0.0;1.9323;19.63954782485962;1.9341979026794434
2018-07-17;21.573745727539062;22.317668914794922;20.085901260375977;21.573745727539062;21.573745727539062;32097;0.0;16.879999999999768;20.085901260375977;22.317668914794922;21.573745727539062;0.0;-0.06896551419273655;1.7392;20.01150894165039;1.5622367858886719
2018-07-18;20.829822540283203;21.573745727539062;20.085901260375977;20.085901260375977;20.085901260375977;40348;-6.9;9.979999999999768;20.085901260375977;21.573745727539062;20.829822540283203;-0.06896551419273655;-0.03703708275831352;1.75;20.346273946762086;-0.2603726863861091
2018-07-19;20.085901260375977;20.829822540283203;18.59805679321289;19.341978073120117;19.341978073120117;31561;-3.7;6.2799999999997675;18.59805679321289;20.829822540283203;20.085901260375977;-0.03703708275831352;0.03846158776747366;1.7621;20.643842792510988;-1.3018647193908706
2018-07-20;20.085901260375977;20.085901260375977;19.341978073120117;20.085901260375977;20.085901260375977;21831;3.85;10.129999999999768;19.341978073120117;20.085901260375977;20.085901260375977;0.03846158776747366;0.03703698779873932;1.7605;20.97860779762268;-0.8927065372467027
2018-07-23;20.085901260375977;20.829822540283203;19.341978073120117;20.829822540283203;20.829822540283203;31249;3.7;13.829999999999767;19.341978073120117;20.829822540283203;20.085901260375977;0.03703698779873932;-0.03571423993020306;1.7582;21.350568866729738;-0.5207463264465346
2018-07-24;21.573745727539062;21.573745727539062;19.341978073120117;20.085901260375977;20.085901260375977;35845;-3.57;10.259999999999767;19.341978073120117;21.573745727539062;21.573745727539062;-0.03571423993020306;0.0;1.7687;21.648137760162353;-1.5622364997863762
2018-07-25;20.085901260375977;20.829822540283203;19.341978073120117;20.085901260375977;20.085901260375977;10497;0.0;10.259999999999767;19.341978073120117;20.829822540283203;20.085901260375977;0.0;-0.03703708275831352;1.2094;21.685333919525146;-1.5994326591491692
2018-07-26;20.085901260375977;20.085901260375977;18.59805679321289;19.341978073120117;19.341978073120117;22751;-3.7;6.559999999999767;18.59805679321289;20.085901260375977;20.085901260375977;-0.03703708275831352;0.03846158776747366;1.2087;21.72252998352051;-2.380551910400392
2018-07-27;19.341978073120117;20.085901260375977;18.59805679321289;20.085901260375977;20.085901260375977;10017;3.85;10.409999999999767;18.59805679321289;20.085901260375977;19.341978073120117;0.03846158776747366;0.0;1.2081;21.759726142883302;-1.6738248825073256
2018-07-30;20.085901260375977;20.085901260375977;19.341978073120117;20.085901260375977;20.085901260375977;8262;0.0;10.409999999999767;19.341978073120117;20.085901260375977;20.085901260375977;0.0;-0.03703708275831352;1.1349;21.685333919525146;-1.5994326591491692
2018-07-31;19.341978073120117;20.085901260375977;18.59805679321289;19.341978073120117;19.341978073120117;12071;-3.7;6.709999999999767;18.59805679321289;20.085901260375977;19.341978073120117;-0.03703708275831352;-0.03846148915560332;0.8313;21.350568866729738;-2.0085907936096206
2018-08-01;19.341978073120117;19.341978073120117;18.59805679321289;18.59805679321289;18.59805679321289;9011;-3.85;2.859999999999767;18.59805679321289;19.341978073120117;19.341978073120117;-0.03846148915560332;0.0;0.8208;21.05299997329712;-2.4549431800842285
2018-08-02;18.59805679321289;18.59805679321289;17.110212326049805;18.59805679321289;18.59805679321289;37392;0.0;2.859999999999767;17.110212326049805;18.59805679321289;18.59805679321289;0.0;0.0;0.727;20.643842697143555;-2.045785903930664
2018-08-03;18.59805679321289;20.085901260375977;17.85413360595703;18.59805679321289;18.59805679321289;38724;0.0;2.859999999999767;17.85413360595703;20.085901260375977;18.59805679321289;0.0;-0.040000049227043144;0.6852;20.346273803710936;-1.7482170104980455
2018-08-06;18.59805679321289;18.59805679321289;17.85413360595703;17.85413360595703;17.85413360595703;12826;-4.0;-1.1400000000002328;17.85413360595703;18.59805679321289;18.59805679321289;-0.040000049227043144;-0.04166661325190357;0.6893;20.048704814910888;-2.1945712089538567
2018-08-07;17.85413360595703;17.85413360595703;16.366289138793945;17.110212326049805;17.110212326049805;26821;-4.17;-5.310000000000233;16.366289138793945;17.85413360595703;17.85413360595703;-0.04166661325190357;0.043478202709070324;0.562;19.86272430419922;-2.752511978149414
2018-08-08;17.85413360595703;18.59805679321289;17.110212326049805;17.85413360595703;17.85413360595703;43827;4.35;-0.9600000000002336;17.110212326049805;18.59805679321289;17.85413360595703;0.043478202709070324;0.0;0.5919;19.71393985748291;-1.8598062515258782
2018-08-09;17.85413360595703;17.85413360595703;17.110212326049805;17.85413360595703;17.85413360595703;6519;0.0;-0.9600000000002336;17.110212326049805;17.85413360595703;17.85413360595703;0.0;0.0;0.5919;19.5651554107666;-1.711021804809569
2018-08-10;17.110212326049805;17.85413360595703;16.366289138793945;17.85413360595703;17.85413360595703;9678;0.0;-0.9600000000002336;16.366289138793945;17.85413360595703;17.110212326049805;0.0;0.0;0.5157;19.34197864532471;-1.4878450393676772
2018-08-13;17.85413360595703;17.85413360595703;17.110212326049805;17.85413360595703;17.85413360595703;4266;0.0;-0.9600000000002336;17.110212326049805;17.85413360595703;17.85413360595703;0.0;0.0;0.5097;19.155998039245606;-1.301864433288575
2018-08-14;17.110212326049805;17.85413360595703;17.110212326049805;17.85413360595703;17.85413360595703;4029;0.0;-0.9600000000002336;17.110212326049805;17.85413360595703;17.110212326049805;0.0;-0.04166661325190357;0.5097;18.970017433166504;-1.1158838272094727
2018-08-15;17.110212326049805;18.59805679321289;17.110212326049805;17.110212326049805;17.110212326049805;120913;-4.17;-5.1300000000002335;17.110212326049805;18.59805679321289;17.110212326049805;-0.04166661325190357;0.0;0.4751;18.821232986450195;-1.71102066040039
2018-08-16;17.85413360595703;17.85413360595703;17.110212326049805;17.110212326049805;17.110212326049805;11026;0.0;-5.1300000000002335;17.110212326049805;17.85413360595703;17.85413360595703;0.0;0.043478202709070324;0.4627;18.70964469909668;-1.5994323730468736
2018-08-17;17.85413360595703;17.85413360595703;17.110212326049805;17.85413360595703;17.85413360595703;6854;4.35;-0.7800000000002338;17.110212326049805;17.85413360595703;17.85413360595703;0.043478202709070324;-0.04166661325190357;0.4693;18.598056316375732;-0.7439227104187012
2018-08-20;17.85413360595703;17.85413360595703;17.110212326049805;17.110212326049805;17.110212326049805;15579;-4.17;-4.950000000000234;17.110212326049805;17.85413360595703;17.85413360595703;-0.04166661325190357;-0.04347831418335224;0.4578;18.412075805664063;-1.3018634796142585
2018-08-21;17.85413360595703;17.85413360595703;16.366289138793945;16.366289138793945;16.366289138793945;18797;-4.35;-9.300000000000233;16.366289138793945;17.85413360595703;17.85413360595703;-0.04347831418335224;0.0;0.4645;18.22609519958496;-1.8598060607910156
2018-08-22;16.366289138793945;17.110212326049805;16.366289138793945;16.366289138793945;16.366289138793945;4954;0.0;-9.300000000000233;16.366289138793945;17.110212326049805;16.366289138793945;0.0;0.0;0.4645;18.04011459350586;-1.6738254547119134
2018-08-23;17.110212326049805;17.110212326049805;16.366289138793945;16.366289138793945;16.366289138793945;12471;0.0;-9.300000000000233;16.366289138793945;17.110212326049805;17.110212326049805;0.0;0.0;0.4542;17.89133014678955;-1.525041007995604
2018-08-24;16.366289138793945;17.110212326049805;15.622366905212402;16.366289138793945;16.366289138793945;9949;0.0;-9.300000000000233;15.622366905212402;17.110212326049805;16.366289138793945;0.0;-0.045454545454545414;0.4214;17.70534954071045;-1.3390604019165053
2018-08-27;16.366289138793945;16.366289138793945;14.87844467163086;15.622366905212402;15.622366905212402;12024;-4.55;-13.850000000000232;14.87844467163086;16.366289138793945;16.366289138793945;-0.045454545454545414;0.0;0.4379;17.482172822952272;-1.8598059177398696
2018-08-28;15.622366905212402;16.366289138793945;14.87844467163086;15.622366905212402;15.622366905212402;10546;0.0;-13.850000000000232;14.87844467163086;16.366289138793945;15.622366905212402;0.0;0.04761904761904767;0.4296;17.296192264556886;-1.6738253593444838
2018-08-29;15.622366905212402;16.366289138793945;14.87844467163086;16.366289138793945;16.366289138793945;12176;4.76;-9.090000000000233;14.87844467163086;16.366289138793945;15.622366905212402;0.04761904761904767;-0.09090909090909094;0.4621;17.184603881835937;-0.8183147430419915
2018-08-30;16.366289138793945;16.366289138793945;14.87844467163086;14.87844467163086;14.87844467163086;16204;-9.09;-18.180000000000234;14.87844467163086;16.366289138793945;16.366289138793945;-0.09090909090909094;0.0;0.5507;16.998623275756835;-2.120178604125975
2018-08-31;15.622366905212402;15.622366905212402;14.87844467163086;14.87844467163086;14.87844467163086;7210;0.0;-18.180000000000234;14.87844467163086;15.622366905212402;15.622366905212402;0.0;0.0;0.5507;16.812642669677736;-1.9341979980468764
2018-09-03;14.87844467163086;15.622366905212402;14.134523391723633;14.87844467163086;14.87844467163086;25422;0.0;-18.180000000000234;14.134523391723633;15.622366905212402;14.87844467163086;0.0;-0.049999935902284354;0.5405;16.663858222961426;-1.7854135513305671
2018-09-04;14.87844467163086;15.622366905212402;14.134523391723633;14.134523391723633;14.134523391723633;19460;-5.0;-23.180000000000234;14.134523391723633;15.622366905212402;14.87844467163086;-0.049999935902284354;0.0;0.5481;16.515073776245117;-2.3805503845214844
2018-09-05;14.134523391723633;14.87844467163086;13.39060115814209;14.134523391723633;14.134523391723633;22428;0.0;-23.180000000000234;13.39060115814209;14.87844467163086;14.134523391723633;0.0;0.0;0.5136;16.329093265533448;-2.194569873809815
2018-09-06;14.87844467163086;14.87844467163086;13.39060115814209;14.134523391723633;14.134523391723633;8987;0.0;-23.180000000000234;13.39060115814209;14.87844467163086;14.87844467163086;0.0;0.0;0.5136;16.14311275482178;-2.008589363098146
2018-09-10;14.87844467163086;14.87844467163086;13.39060115814209;14.134523391723633;14.134523391723633;6985;0.0;-23.180000000000234;13.39060115814209;14.87844467163086;14.87844467163086;0.0;0.0;0.5136;15.957132244110108;-1.822608852386475
2018-09-11;14.134523391723633;14.87844467163086;13.39060115814209;14.134523391723633;14.134523391723633;25158;0.0;-23.180000000000234;13.39060115814209;14.87844467163086;14.134523391723633;0.0;0.0;0.5136;15.771151733398437;-1.636628341674804
2018-09-12;14.134523391723633;14.134523391723633;13.39060115814209;14.134523391723633;14.134523391723633;11947;0.0;-23.180000000000234;13.39060115814209;14.134523391723633;14.134523391723633;0.0;-0.05263157539624863;0.5136;15.585171222686768;-1.4506478309631348
2018-09-13;14.134523391723633;14.134523391723633;13.39060115814209;13.39060115814209;13.39060115814209;5237;-5.26;-28.440000000000232;13.39060115814209;14.134523391723633;14.134523391723633;-0.05263157539624863;0.0;0.5236;15.399190664291382;-2.008589506149292
2018-09-14;14.134523391723633;14.134523391723633;12.64667797088623;13.39060115814209;13.39060115814209;21211;0.0;-28.440000000000232;12.64667797088623;14.134523391723633;14.134523391723633;0.0;-0.055555622818585726;0.5236;15.213210105895996;-1.8226089477539062
2018-09-17;13.39060115814209;13.39060115814209;11.902755737304688;12.64667797088623;12.64667797088623;27018;-5.56;-34.000000000000234;11.902755737304688;13.39060115814209;13.39060115814209;-0.055555622818585726;0.0;0.5029;14.952837324142456;-2.3061593532562252
2018-09-18;12.64667797088623;12.64667797088623;11.902755737304688;12.64667797088623;12.64667797088623;9919;0.0;-34.000000000000234;11.902755737304688;12.64667797088623;12.64667797088623;0.0;0.11764713423260664;0.4971;14.729660606384277;-2.0829826354980465
2018-09-19;12.64667797088623;15.622366905212402;11.902755737304688;14.134523391723633;14.134523391723633;202423;11.76;-22.240000000000236;11.902755737304688;15.622366905212402;12.64667797088623;0.11764713423260664;-0.05263157539624863;0.6711;14.618072319030762;-0.4835489273071296
2018-09-20;14.134523391723633;14.134523391723633;12.64667797088623;13.39060115814209;13.39060115814209;72296;-5.26;-27.500000000000234;12.64667797088623;14.134523391723633;14.134523391723633;-0.05263157539624863;-0.055555622818585726;0.6901;14.46928791999817;-1.0786867618560798
2018-09-21;13.39060115814209;14.134523391723633;12.64667797088623;12.64667797088623;12.64667797088623;41013;-5.56;-33.06000000000024;12.64667797088623;14.134523391723633;13.39060115814209;-0.055555622818585726;0.0;0.7084;14.283307361602784;-1.6366293907165534
2018-09-24;12.64667797088623;13.39060115814209;11.902755737304688;12.64667797088623;12.64667797088623;37657;0.0;-33.06000000000024;11.902755737304688;13.39060115814209;12.64667797088623;0.0;0.058823604820841924;0.7084;14.097326803207398;-1.4506488323211677
2018-09-25;12.64667797088623;13.39060115814209;11.902755737304688;13.39060115814209;13.39060115814209;32707;5.88;-27.180000000000238;11.902755737304688;13.39060115814209;12.64667797088623;0.058823604820841924;-0.055555622818585726;0.7389;13.985738515853882;-0.595137357711792
2018-09-26;13.39060115814209;13.39060115814209;11.902755737304688;12.64667797088623;12.64667797088623;44286;-5.56;-32.74000000000024;11.902755737304688;13.39060115814209;13.39060115814209;-0.055555622818585726;0.0;0.7583;13.836954069137573;-1.190276098251342
2018-09-27;12.64667797088623;13.39060115814209;11.902755737304688;12.64667797088623;12.64667797088623;14371;0.0;-32.74000000000024;11.902755737304688;13.39060115814209;12.64667797088623;0.0;0.0;0.729;13.650973510742187;-1.0042955398559563
2018-09-28;13.39060115814209;13.39060115814209;11.902755737304688;12.64667797088623;12.64667797088623;37753;0.0;-32.74000000000024;11.902755737304688;13.39060115814209;13.39060115814209;0.0;0.0;0.667;13.539385175704956;-0.8927072048187252
2018-10-01;12.64667797088623;13.39060115814209;11.902755737304688;12.64667797088623;12.64667797088623;8590;0.0;-32.74000000000024;11.902755737304688;13.39060115814209;12.64667797088623;0.0;0.0;0.667;13.427796840667725;-0.7811188697814941
2018-10-02;12.64667797088623;13.39060115814209;11.902755737304688;12.64667797088623;12.64667797088623;46635;0.0;-32.74000000000024;11.902755737304688;13.39060115814209;12.64667797088623;0.0;0.0;0.667;13.316208505630494;-0.669530534744263
2018-10-03;12.64667797088623;13.39060115814209;11.902755737304688;12.64667797088623;12.64667797088623;15322;0.0;-32.74000000000024;11.902755737304688;13.39060115814209;12.64667797088623;0.0;-0.05882352941176472;0.6479;13.241816234588622;-0.5951382637023919
2018-10-04;12.64667797088623;13.39060115814209;11.902755737304688;11.902755737304688;11.902755737304688;16711;-5.88;-38.62000000000024;11.902755737304688;13.39060115814209;12.64667797088623;-0.05882352941176472;0.0625;0.6752;13.130227851867676;-1.227472114562989
2018-10-05;12.64667797088623;13.39060115814209;12.64667797088623;12.64667797088623;12.64667797088623;11314;6.25;-32.37000000000024;12.64667797088623;13.39060115814209;12.64667797088623;0.0625;0.0;0.7196;13.055835580825805;-0.40915760993957484
2018-10-08;13.39060115814209;13.39060115814209;11.902755737304688;12.64667797088623;12.64667797088623;36798;0.0;-32.37000000000024;11.902755737304688;13.39060115814209;13.39060115814209;0.0;0.0;0.7196;12.981443309783936;-0.33476533889770543
2018-10-09;12.64667797088623;12.64667797088623;11.158834457397461;12.64667797088623;12.64667797088623;82211;0.0;-32.37000000000024;11.158834457397461;12.64667797088623;12.64667797088623;0.0;0.17647058823529416;0.7196;12.907051038742065;-0.26037306785583425
2018-10-10;12.64667797088623;16.366289138793945;12.64667797088623;14.87844467163086;14.87844467163086;261098;17.65;-14.72000000000024;12.64667797088623;16.366289138793945;12.64667797088623;0.17647058823529416;0.0;0.9653;12.944247102737426;1.934197568893433
2018-10-11;15.622366905212402;16.366289138793945;14.134523391723633;14.87844467163086;14.87844467163086;149210;0.0;-14.72000000000024;14.134523391723633;16.366289138793945;15.622366905212402;0.0;0.0;0.9419;13.018639278411865;1.8598053932189949
2018-10-15;14.87844467163086;15.622366905212402;14.134523391723633;14.87844467163086;14.87844467163086;60455;0.0;-14.72000000000024;14.134523391723633;15.622366905212402;14.87844467163086;0.0;0.45000006409771576;0.9419;13.093031454086304;1.785413217544555
2018-10-16;15.622366905212402;22.317668914794922;14.87844467163086;21.573745727539062;21.573745727539062;550435;45.0;30.27999999999976;14.87844467163086;22.317668914794922;15.622366905212402;0.45000006409771576;-0.06896551419273655;1.8085;13.539384841918945;8.034360885620117
2018-10-17;21.573745727539062;21.573745727539062;18.59805679321289;20.085901260375977;20.085901260375977;419727;-6.9;23.37999999999976;18.59805679321289;21.573745727539062;21.573745727539062;-0.06896551419273655;0.11111115331536636;1.841;13.911346006393433;6.174555253982543
2018-10-18;20.829822540283203;25.293357849121094;20.085901260375977;22.317668914794922;22.317668914794922;705690;11.11;34.48999999999976;20.085901260375977;25.293357849121094;20.829822540283203;0.11111115331536636;-0.06666674643270598;1.8369;14.320503282546998;7.997165632247924
2018-10-19;23.06159019470215;23.805513381958008;18.59805679321289;20.829822540283203;20.829822540283203;549490;-6.67;27.81999999999976;18.59805679321289;23.805513381958008;23.06159019470215;-0.06666674643270598;0.2500000457840825;1.8458;14.692464351654053;6.13735818862915
2018-10-22;27.525123596191406;28.269046783447266;25.293357849121094;26.03727912902832;26.03727912902832;749649;25.0;52.81999999999976;25.293357849121094;28.269046783447266;27.525123596191406;0.2500000457840825;0.45714291365349413;1.9771;15.361994409561158;10.675284719467163
2018-10-23;23.805513381958008;40.17180252075195;23.06159019470215;37.94003677368164;37.94003677368164;1126730;45.71;98.52999999999976;23.06159019470215;40.17180252075195;23.805513381958008;0.45714291365349413;0.37254896637791024;2.4538;16.62666234970093;21.31337442398071
2018-10-24;46.1231803894043;56.53809356689453;44.635337829589844;52.07455825805664;52.07455825805664;1487756;37.25;135.77999999999975;44.635337829589844;56.53809356689453;46.1231803894043;0.37254896637791024;-0.14285710099741167;2.6839;18.560860204696656;33.51369805335999
2018-10-25;57.28201675415039;60.25770568847656;39.427879333496094;44.635337829589844;44.635337829589844;1052035;-14.29;121.48999999999975;39.427879333496094;60.25770568847656;57.28201675415039;-0.14285710099741167;-0.08333334757726896;2.7598;20.160293197631837;24.475044631958006
2018-10-26;36.45219039916992;46.1231803894043;35.70826721191406;40.91572570800781;40.91572570800781;655413;-8.33;113.15999999999976;35.70826721191406;46.1231803894043;36.45219039916992;-0.08333334757726896;0.0;2.8062;21.573745584487916;19.341980123519896
2018-10-29;40.17180252075195;41.65964889526367;37.94003677368164;40.91572570800781;40.91572570800781;555756;0.0;113.15999999999976;37.94003677368164;41.65964889526367;40.17180252075195;0.0;-0.20000005593982073;2.8062;22.987197971343996;17.928527736663817
2018-10-30;40.91572570800781;41.65964889526367;31.988658905029297;32.73257827758789;32.73257827758789;573648;-20.0;93.15999999999976;31.988658905029297;41.65964889526367;40.91572570800781;-0.20000005593982073;-0.06818178904649286;2.9607;23.991492986679077;8.741085290908813
2018-10-31;29.012968063354492;31.244735717773438;23.805513381958008;30.500812530517578;30.500812530517578;616608;-6.82;86.33999999999975;23.805513381958008;31.244735717773438;29.012968063354492;-0.06818178904649286;0.21951221952560185;2.9897;24.884199714660646;5.616612815856932
2018-11-01;32.73257827758789;37.94003677368164;31.988658905029297;37.19611358642578;37.19611358642578;670813;21.95;108.28999999999975;31.988658905029297;37.94003677368164;32.73257827758789;0.21951221952560185;0.299999958977464;3.0329;26.111671495437623;11.084442090988158
2018-11-05;39.427879333496094;48.35494613647461;37.94003677368164;48.35494613647461;48.35494613647461;976628;30.0;138.28999999999974;37.94003677368164;48.35494613647461;39.427879333496094;0.299999958977464;-0.061538460324777056;3.0967;27.934281015396117;20.420665121078493
2018-11-06;43.891414642333984;54.30632781982422;43.147491455078125;45.37925720214844;45.37925720214844;1013230;-6.15;132.13999999999973;43.147491455078125;54.30632781982422;43.891414642333984;-0.061538460324777056;0.03278692658815219;3.1415;29.57090997695923;15.808347225189209
2018-11-07;43.891414642333984;46.867103576660156;41.65964889526367;46.867103576660156;46.867103576660156;788258;3.28;135.41999999999973;41.65964889526367;46.867103576660156;43.891414642333984;0.03278692658815219;0.0;3.1323;31.281931257247926;15.58517231941223
2018-11-08;47.611026763916016;49.84279251098633;45.37925720214844;46.867103576660156;46.867103576660156;640724;0.0;135.41999999999973;45.37925720214844;49.84279251098633;47.611026763916016;0.0;0.0;3.1323;32.992952537536624;13.874151039123532
2018-11-09;46.1231803894043;48.35494613647461;44.635337829589844;46.867103576660156;46.867103576660156;425733;0.0;135.41999999999973;44.635337829589844;48.35494613647461;46.1231803894043;0.0;-0.06349205961616256;3.1257;34.59238548278809;12.274718093872067
2018-11-12;46.867103576660156;47.611026763916016;43.147491455078125;43.891414642333984;43.891414642333984;321694;-6.35;129.06999999999974;43.147491455078125;47.611026763916016;46.867103576660156;-0.06349205961616256;0.03389825941903912;3.1539;36.04303398132324;7.848380661010744
2018-11-13;41.65964889526367;45.37925720214844;37.94003677368164;45.37925720214844;45.37925720214844;737395;3.39;132.45999999999972;37.94003677368164;45.37925720214844;41.65964889526367;0.03389825941903912;-0.04918030581965216;3.146;37.56807460784912;7.811182594299318
2018-11-14;44.635337829589844;45.37925720214844;42.403568267822266;43.147491455078125;43.147491455078125;409877;-4.92;127.53999999999972;42.403568267822266;45.37925720214844;44.635337829589844;-0.04918030581965216;-0.017241400650843786;2.8377;38.646761894226074;4.500729560852051
2018-11-16;43.891414642333984;44.635337829589844;41.65964889526367;42.403568267822266;42.403568267822266;188920;-1.72;125.81999999999972;41.65964889526367;44.635337829589844;43.891414642333984;-0.017241400650843786;-0.05263155527323571;2.8152;39.76264524459839;2.640923023223877
2018-11-19;42.403568267822266;43.147491455078125;38.683956146240234;40.17180252075195;40.17180252075195;330418;-5.26;120.55999999999972;38.683956146240234;43.147491455078125;42.403568267822266;-0.05263155527323571;-0.01851854137915676;2.8289;40.65535192489624;-0.48354940414428427
2018-11-21;40.17180252075195;43.891414642333984;38.683956146240234;39.427879333496094;39.427879333496094;531817;-1.85;118.70999999999972;38.683956146240234;43.891414642333984;40.17180252075195;-0.01851854137915676;-0.056603748027967304;2.8093;41.585254764556886;-2.1573754310607924
2018-11-22;40.17180252075195;40.91572570800781;36.45219039916992;37.19611358642578;37.19611358642578;552116;-5.66;113.04999999999973;36.45219039916992;40.91572570800781;40.17180252075195;-0.056603748027967304;0.02000002461352146;2.7226;42.143196487426756;-4.947082901000975
2018-11-23;37.19611358642578;38.683956146240234;33.47650146484375;37.94003677368164;37.94003677368164;658203;2.0;115.04999999999973;33.47650146484375;38.683956146240234;37.19611358642578;0.02000002461352146;-0.019607866795002815;2.2065;42.143196487426756;-4.203159713745116
2018-11-26;38.683956146240234;39.427879333496094;35.70826721191406;37.19611358642578;37.19611358642578;243641;-1.96;113.08999999999973;35.70826721191406;39.427879333496094;38.683956146240234;-0.019607866795002815;-0.05999997128422485;1.7369;41.39927425384521;-4.203160667419432
2018-11-27;37.19611358642578;37.19611358642578;34.96434783935547;34.96434783935547;34.96434783935547;181850;-6.0;107.08999999999973;34.96434783935547;37.19611358642578;37.19611358642578;-0.05999997128422485;-0.1702128065807128;1.6776;40.915724754333496;-5.951376914978027
2018-11-28;34.22042465209961;34.96434783935547;29.012968063354492;29.012968063354492;29.012968063354492;511249;-17.02;90.06999999999974;29.012968063354492;34.96434783935547;34.22042465209961;-0.1702128065807128;0.05128204959637839;1.7564;40.32058687210083;-11.30761880874634
2018-11-29;28.269046783447266;32.73257827758789;26.78120231628418;30.500812530517578;30.500812530517578;547979;5.13;95.19999999999973;26.78120231628418;32.73257827758789;28.269046783447266;0.05128204959637839;0.09756097255929985;1.7703;39.799841213226316;-9.299028682708737
2018-11-30;29.75689125061035;34.22042465209961;29.75689125061035;33.47650146484375;33.47650146484375;527286;9.76;104.95999999999974;29.75689125061035;34.22042465209961;29.75689125061035;0.09756097255929985;0.0;1.6558;39.83703737258911;-6.3605359077453585
2018-12-03;34.96434783935547;36.45219039916992;32.73257827758789;33.47650146484375;33.47650146484375;417847;0.0;104.95999999999974;32.73257827758789;36.45219039916992;34.96434783935547;0.0;-0.022222250077031158;1.6329;39.98582181930542;-6.509320354461671
2018-12-04;33.47650146484375;34.22042465209961;31.244735717773438;32.73257827758789;32.73257827758789;218973;-2.22;102.73999999999974;31.244735717773438;34.22042465209961;33.47650146484375;-0.022222250077031158;-0.0909090326384403;1.4334;39.76264505386352;-7.030066776275632
2018-12-05;31.988658905029297;32.73257827758789;29.75689125061035;29.75689125061035;29.75689125061035;166591;-9.09;93.64999999999974;29.75689125061035;32.73257827758789;31.988658905029297;-0.0909090326384403;0.07500002724152743;0.9167;38.832742309570314;-9.075851058959962
2018-12-06;30.500812530517578;33.47650146484375;30.500812530517578;31.988658905029297;31.988658905029297;284622;7.5;101.14999999999974;30.500812530517578;33.47650146484375;30.500812530517578;0.07500002724152743;0.0;0.9661;38.16321239471436;-6.17455348968506
2018-12-07;31.988658905029297;32.73257827758789;31.244735717773438;31.988658905029297;31.988658905029297;96924;0.0;101.14999999999974;31.244735717773438;32.73257827758789;31.988658905029297;0.0;-0.02325584168640782;0.9512;37.419290161132814;-5.430631256103517
2018-12-10;31.988658905029297;32.73257827758789;30.500812530517578;31.244735717773438;31.244735717773438;89283;-2.33;98.81999999999974;30.500812530517578;32.73257827758789;31.988658905029297;-0.02325584168640782;-0.04761904471212186;0.9493;36.63817176818848;-5.3934360504150405
2018-12-11;31.244735717773438;31.244735717773438;29.012968063354492;29.75689125061035;29.75689125061035;112218;-4.76;94.05999999999973;29.012968063354492;31.244735717773438;31.244735717773438;-0.04761904471212186;0.0;0.9521;35.78266115188599;-6.025769901275638
2018-12-12;30.500812530517578;30.500812530517578;28.269046783447266;29.75689125061035;29.75689125061035;123758;0.0;94.05999999999973;28.269046783447266;30.500812530517578;30.500812530517578;0.0;0.024999966348701497;0.9409;35.075934982299806;-5.3190437316894545
2018-12-13;29.012968063354492;30.500812530517578;29.012968063354492;30.500812530517578;30.500812530517578;44472;2.5;96.55999999999973;29.012968063354492;30.500812530517578;29.012968063354492;0.024999966348701497;0.0;0.9349;34.33201274871826;-3.831200218200685
2018-12-14;30.500812530517578;31.988658905029297;30.500812530517578;30.500812530517578;30.500812530517578;141456;0.0;96.55999999999973;30.500812530517578;31.988658905029297;30.500812530517578;0.0;-0.02439021187264756;0.9294;33.69967880249023;-3.198866271972655
2018-12-17;31.244735717773438;31.244735717773438;29.012968063354492;29.75689125061035;29.75689125061035;119632;-2.44;94.11999999999973;29.012968063354492;31.244735717773438;31.244735717773438;-0.02439021187264756;-0.02500003044641297;0.93;33.067344951629636;-3.3104537010192843
2018-12-18;29.012968063354492;29.75689125061035;28.269046783447266;29.012968063354492;29.012968063354492;60824;-2.5;91.61999999999973;28.269046783447266;29.75689125061035;29.012968063354492;-0.02500003044641297;0.0;0.9206;32.509403228759766;-3.4964351654052734
2018-12-19;29.75689125061035;29.75689125061035;28.269046783447266;29.012968063354492;29.012968063354492;54701;0.0;91.61999999999973;28.269046783447266;29.75689125061035;29.75689125061035;0.0;-0.02564099192756686;0.9219;31.988657665252685;-2.9756896018981926
2018-12-20;29.012968063354492;29.012968063354492;27.525123596191406;28.269046783447266;28.269046783447266;64685;-2.56;89.05999999999973;27.525123596191406;29.012968063354492;29.012968063354492;-0.02564099192756686;-0.026315821433761877;0.9091;31.54230432510376;-3.273257541656495
2018-12-21;28.269046783447266;29.012968063354492;26.78120231628418;27.525123596191406;27.525123596191406;78717;-2.63;86.42999999999974;26.78120231628418;29.012968063354492;28.269046783447266;-0.026315821433761877;0.21621620872488378;0.9024;31.021558666229247;-3.4964350700378404
2018-12-26;27.525123596191406;34.96434783935547;27.525123596191406;33.47650146484375;33.47650146484375;601781;21.62;108.04999999999974;27.525123596191406;34.96434783935547;27.525123596191406;0.21621620872488378;0.11111113643366477;1.2173;30.835578060150148;2.640923404693602
2018-12-27;37.19611358642578;42.403568267822266;34.22042465209961;37.19611358642578;37.19611358642578;850739;11.11;119.15999999999974;34.22042465209961;42.403568267822266;37.19611358642578;0.11111113643366477;-0.05999997128422485;1.2609;30.94716634750366;6.248947238922121
2018-12-28;37.94003677368164;38.683956146240234;34.22042465209961;34.96434783935547;34.96434783935547;299680;-6.0;113.15999999999974;34.22042465209961;38.683956146240234;37.94003677368164;-0.05999997128422485;-0.06382986383791556;1.108;31.244735336303712;3.7196125030517564
2019-01-02;34.96434783935547;35.70826721191406;31.988658905029297;32.73257827758789;32.73257827758789;290351;-6.38;106.77999999999975;31.988658905029297;35.70826721191406;34.96434783935547;-0.06382986383791556;-0.022727185321296806;1.1284;31.356323623657225;1.3762546539306655
2019-01-03;34.22042465209961;34.96434783935547;31.244735717773438;31.988658905029297;31.988658905029297;222965;-2.27;104.50999999999975;31.244735717773438;34.96434783935547;34.22042465209961;-0.022727185321296806;0.0;1.0783;31.281931495666505;0.7067274093627915
2019-01-04;31.988658905029297;32.73257827758789;31.244735717773438;31.988658905029297;31.988658905029297;126091;0.0;104.50999999999975;31.244735717773438;32.73257827758789;31.988658905029297;0.0;-0.04651168337281553;1.0783;31.207539367675782;0.7811195373535149
2019-01-07;32.73257827758789;32.73257827758789;29.75689125061035;30.500812530517578;30.500812530517578;142985;-4.65;99.85999999999974;29.75689125061035;32.73257827758789;32.73257827758789;-0.04651168337281553;-0.02439021187264756;1.0883;31.095951080322266;-0.5951385498046875
2019-01-08;30.500812530517578;31.244735717773438;28.269046783447266;29.75689125061035;29.75689125061035;188685;-2.44;97.41999999999975;28.269046783447266;31.244735717773438;30.500812530517578;-0.02439021187264756;0.049999996795114354;1.0403;31.095951080322266;-1.339059829711914
2019-01-09;29.012968063354492;31.244735717773438;29.012968063354492;31.244735717773438;31.244735717773438;129477;5.0;102.41999999999975;29.012968063354492;31.244735717773438;29.012968063354492;0.049999996795114354;0.02380955287878095;1.0206;31.058754920959473;0.18598079681396484
2019-01-10;31.244735717773438;33.47650146484375;30.500812530517578;31.988658905029297;31.988658905029297;404481;2.38;104.79999999999974;30.500812530517578;33.47650146484375;31.244735717773438;0.02380955287878095;0.0;1.0239;31.058754920959473;0.9299039840698242
2019-01-11;32.73257827758789;33.47650146484375;31.244735717773438;31.988658905029297;31.988658905029297;118197;0.0;104.79999999999974;31.244735717773438;33.47650146484375;32.73257827758789;0.0;-0.06976746543344658;1.0197;31.095951080322266;0.8927078247070312
2019-01-14;31.244735717773438;31.988658905029297;29.75689125061035;29.75689125061035;29.75689125061035;110035;-6.98;97.81999999999974;29.75689125061035;31.988658905029297;31.244735717773438;-0.06976746543344658;0.049999996795114354;1.0371;31.095951080322266;-1.339059829711914
2019-01-15;29.75689125061035;31.988658905029297;29.75689125061035;31.244735717773438;31.244735717773438;136010;5.0;102.81999999999974;29.75689125061035;31.988658905029297;29.75689125061035;0.049999996795114354;-0.023809552878780837;1.051;31.17034330368042;0.074392414093019
2019-01-16;30.500812530517578;31.244735717773438;29.75689125061035;30.500812530517578;30.500812530517578;113482;-2.38;100.43999999999974;29.75689125061035;31.244735717773438;30.500812530517578;-0.023809552878780837;0.0;1.0526;31.17034330368042;-0.6695307731628404
2019-01-17;29.75689125061035;31.988658905029297;29.75689125061035;30.500812530517578;30.500812530517578;157337;0.0;100.43999999999974;29.75689125061035;31.988658905029297;29.75689125061035;0.0;0.0;1.0526;31.17034330368042;-0.6695307731628404
2019-01-18;31.244735717773438;31.244735717773438;29.75689125061035;30.500812530517578;30.500812530517578;81706;0.0;100.43999999999974;29.75689125061035;31.244735717773438;31.244735717773438;0.0;0.024390274407002366;1.0481;31.207539367675782;-0.7067268371582038
2019-01-21;30.500812530517578;32.73257827758789;30.500812530517578;31.244735717773438;31.244735717773438;183224;2.44;102.87999999999974;30.500812530517578;32.73257827758789;30.500812530517578;0.024390274407002366;-0.023809552878780837;1.0451;31.319127750396728;-0.0743920326232903
2019-01-22;31.244735717773438;31.988658905029297;29.75689125061035;30.500812530517578;30.500812530517578;137008;-2.38;100.49999999999974;29.75689125061035;31.988658905029297;31.244735717773438;-0.023809552878780837;0.0;1.0502;31.393519973754884;-0.8927074432373061
2019-01-23;30.500812530517578;31.244735717773438;29.75689125061035;30.500812530517578;30.500812530517578;90384;0.0;100.49999999999974;29.75689125061035;31.244735717773438;30.500812530517578;0.0;0.0;1.0444;31.505108261108397;-1.004295730590819
2019-01-24;30.500812530517578;31.244735717773438;29.75689125061035;30.500812530517578;30.500812530517578;50631;0.0;100.49999999999974;29.75689125061035;31.244735717773438;30.500812530517578;0.0;-0.048780486279649926;1.0379;31.653892707824706;-1.1530801773071282
2019-01-28;30.500812530517578;30.500812530517578;29.012968063354492;29.012968063354492;29.012968063354492;106086;-4.88;95.61999999999975;29.012968063354492;30.500812530517578;30.500812530517578;-0.048780486279649926;0.0;0.7011;31.430716037750244;-2.417747974395752
2019-01-29;29.012968063354492;30.500812530517578;29.012968063354492;29.012968063354492;29.012968063354492;42376;0.0;95.61999999999975;29.012968063354492;30.500812530517578;29.012968063354492;0.0;0.02564105766881153;0.5489;31.02155876159668;-2.0085906982421875
2019-01-30;29.75689125061035;29.75689125061035;29.012968063354492;29.75689125061035;29.75689125061035;40867;2.56;98.17999999999975;29.012968063354492;29.75689125061035;29.75689125061035;0.02564105766881153;-0.02500003044641297;0.5331;30.761185932159425;-1.004294681549073
2019-01-31;29.75689125061035;29.75689125061035;29.012968063354492;29.012968063354492;29.012968063354492;24510;-2.5;95.67999999999975;29.012968063354492;29.75689125061035;29.75689125061035;-0.02500003044641297;0.0;0.4951;30.575205421447755;-1.5622373580932631
2019-02-01;29.012968063354492;29.75689125061035;29.012968063354492;29.012968063354492;29.012968063354492;27100;0.0;95.67999999999975;29.012968063354492;29.75689125061035;29.012968063354492;0.0;0.0;0.4912;30.426420879364013;-1.4134528160095208
2019-02-04;29.012968063354492;29.75689125061035;29.012968063354492;29.012968063354492;29.012968063354492;46420;0.0;95.67999999999975;29.012968063354492;29.75689125061035;29.012968063354492;0.0;0.0;0.4912;30.277636337280274;-1.264668273925782
2019-02-05;29.75689125061035;29.75689125061035;29.012968063354492;29.012968063354492;29.012968063354492;35982;0.0;95.67999999999975;29.012968063354492;29.75689125061035;29.75689125061035;0.0;-0.05128204959637839;0.4654;30.203244113922118;-1.1902760505676255
2019-02-06;29.012968063354492;29.75689125061035;27.525123596191406;27.525123596191406;27.525123596191406;121098;-5.13;90.54999999999976;27.525123596191406;29.75689125061035;29.012968063354492;-0.05128204959637839;0.0;0.4916;30.091655731201172;-2.5665321350097656
2019-02-07;28.269046783447266;29.012968063354492;27.525123596191406;27.525123596191406;27.525123596191406;61631;0.0;90.54999999999976;27.525123596191406;29.012968063354492;28.269046783447266;0.0;0.02702706073802319;0.4498;29.90567512512207;-2.3805515289306634
2019-02-08;28.269046783447266;28.269046783447266;27.525123596191406;28.269046783447266;28.269046783447266;29060;2.7;93.24999999999976;27.525123596191406;28.269046783447266;28.269046783447266;0.02702706073802319;-0.026315821433761877;0.4527;29.719694519042967;-1.4506477355957017
2019-02-11;27.525123596191406;28.269046783447266;27.525123596191406;27.525123596191406;27.525123596191406;30348;-2.63;90.61999999999976;27.525123596191406;28.269046783447266;27.525123596191406;-0.026315821433761877;0.054054052181220946;0.4579;29.496517753601076;-1.9713941574096694
2019-02-12;27.525123596191406;29.012968063354492;26.78120231628418;29.012968063354492;29.012968063354492;58831;5.41;96.02999999999976;26.78120231628418;29.012968063354492;27.525123596191406;0.054054052181220946;-0.02564099192756686;0.4438;29.459321594238283;-0.4463535308837905
2019-02-13;29.012968063354492;29.012968063354492;27.525123596191406;28.269046783447266;28.269046783447266;46316;-2.56;93.46999999999976;27.525123596191406;29.012968063354492;29.012968063354492;-0.02564099192756686;0.0;0.4086;29.310537147521973;-1.0414903640747077
2019-02-14;28.269046783447266;29.012968063354492;27.525123596191406;28.269046783447266;28.269046783447266;49396;0.0;93.46999999999976;27.525123596191406;29.012968063354492;28.269046783447266;0.0;0.0;0.4025;29.198948860168457;-0.9299020767211914
2019-02-15;27.525123596191406;29.012968063354492;27.525123596191406;28.269046783447266;28.269046783447266;42495;0.0;93.46999999999976;27.525123596191406;29.012968063354492;27.525123596191406;0.0;0.026315753962486754;0.4025;29.08736057281494;-0.8183137893676751
2019-02-18;28.269046783447266;29.012968063354492;27.525123596191406;29.012968063354492;29.012968063354492;38854;2.63;96.09999999999975;27.525123596191406;29.012968063354492;28.269046783447266;0.026315753962486754;-0.05128204959637839;0.4161;29.012968349456788;-2.8610229563241774e-07
2019-02-19;29.012968063354492;29.012968063354492;27.525123596191406;27.525123596191406;27.525123596191406;66512;-5.13;90.96999999999976;27.525123596191406;29.012968063354492;29.012968063354492;-0.05128204959637839;0.0;0.4382;28.826987743377686;-1.3018641471862793
2019-02-20;27.525123596191406;28.269046783447266;27.525123596191406;27.525123596191406;27.525123596191406;59799;0.0;90.96999999999976;27.525123596191406;28.269046783447266;27.525123596191406;0.0;0.0;0.4334;28.678203296661376;-1.15307970046997
2019-02-21;27.525123596191406;28.269046783447266;26.78120231628418;27.525123596191406;27.525123596191406;86486;0.0;90.96999999999976;26.78120231628418;28.269046783447266;27.525123596191406;0.0;0.0;0.4334;28.529418849945067;-1.0042952537536607
2019-02-22;28.269046783447266;28.269046783447266;26.78120231628418;27.525123596191406;27.525123596191406;39313;0.0;90.96999999999976;26.78120231628418;28.269046783447266;28.269046783447266;0.0;0.0;0.4334;28.38063440322876;-0.8555108070373549
2019-02-25;27.525123596191406;28.269046783447266;26.78120231628418;27.525123596191406;27.525123596191406;24374;0.0;90.96999999999976;26.78120231628418;28.269046783447266;27.525123596191406;0.0;0.0;0.4011;28.306242179870605;-0.7811185836791985
2019-02-26;27.525123596191406;28.269046783447266;26.78120231628418;27.525123596191406;27.525123596191406;25404;0.0;90.96999999999976;26.78120231628418;28.269046783447266;27.525123596191406;0.0;0.0;0.4011;28.231849956512452;-0.7067263603210456
2019-02-27;27.525123596191406;28.269046783447266;26.78120231628418;27.525123596191406;27.525123596191406;37822;0.0;90.96999999999976;26.78120231628418;28.269046783447266;27.525123596191406;0.0;0.0;0.3875;28.120261573791502;-0.5951379776000962
2019-02-28;27.525123596191406;28.269046783447266;26.78120231628418;27.525123596191406;27.525123596191406;58598;0.0;90.96999999999976;26.78120231628418;28.269046783447266;27.525123596191406;0.0;0.0;0.3792;28.04586935043335;-0.5207457542419434
2019-03-01;27.525123596191406;28.269046783447266;26.78120231628418;27.525123596191406;27.525123596191406;23601;0.0;90.96999999999976;26.78120231628418;28.269046783447266;27.525123596191406;0.0;0.0;0.3792;27.971477127075197;-0.4463535308837905
2019-03-06;27.525123596191406;28.269046783447266;26.78120231628418;27.525123596191406;27.525123596191406;33703;0.0;90.96999999999976;26.78120231628418;28.269046783447266;27.525123596191406;0.0;0.35135137382534887;0.3792;27.89708490371704;-0.37196130752563406
2019-03-07;27.525123596191406;37.19611358642578;26.78120231628418;37.19611358642578;37.19611358642578;788374;35.14;126.10999999999976;26.78120231628418;37.19611358642578;27.525123596191406;0.35135137382534887;-0.13999996718197127;1.312;28.306242179870605;8.889871406555176
2019-03-08;35.70826721191406;38.683956146240234;31.244735717773438;31.988658905029297;31.988658905029297;971807;-14.0;112.10999999999976;31.244735717773438;38.683956146240234;35.70826721191406;-0.13999996718197127;-0.06976746543344658;1.406;28.5294189453125;3.459239959716797
2019-03-11;31.244735717773438;32.73257827758789;29.012968063354492;29.75689125061035;29.75689125061035;269690;-6.98;105.12999999999975;29.012968063354492;32.73257827758789;31.244735717773438;-0.06976746543344658;0.09999992949251735;1.4346;28.641007328033446;1.1158839225769057
2019-03-12;29.75689125061035;35.70826721191406;29.012968063354492;32.73257827758789;32.73257827758789;532450;10.0;115.12999999999975;29.012968063354492;35.70826721191406;29.75689125061035;0.09999992949251735;-0.022727185321296806;1.4709;28.86418390274048;3.868394374847412
2019-03-13;31.988658905029297;34.22042465209961;31.988658905029297;31.988658905029297;31.988658905029297;316996;-2.27;112.85999999999976;31.988658905029297;34.22042465209961;31.988658905029297;-0.022727185321296806;0.0;1.4697;29.087360668182374;2.901298236846923
2019-03-14;31.988658905029297;32.73257827758789;30.500812530517578;31.988658905029297;31.988658905029297;138121;0.0;112.85999999999976;30.500812530517578;32.73257827758789;31.988658905029297;0.0;-0.02325584168640782;1.4613;29.236145210266113;2.7525136947631843
2019-03-15;31.988658905029297;32.73257827758789;31.244735717773438;31.244735717773438;31.244735717773438;119602;-2.33;110.52999999999976;31.244735717773438;32.73257827758789;31.988658905029297;-0.02325584168640782;0.02380955287878095;1.4606;29.384929656982422;1.8598060607910156
2019-03-18;31.988658905029297;32.73257827758789;30.500812530517578;31.988658905029297;31.988658905029297;132925;2.38;112.90999999999976;30.500812530517578;32.73257827758789;31.988658905029297;0.02380955287878095;0.02325572243485441;1.4612;29.570910263061524;2.4177486419677727
2019-03-19;32.73257827758789;33.47650146484375;31.988658905029297;32.73257827758789;32.73257827758789;139485;2.33;115.23999999999975;31.988658905029297;33.47650146484375;32.73257827758789;0.02325572243485441;0.02272730186259797;1.4614;29.794086837768553;2.9384914398193374
2019-03-20;33.47650146484375;35.70826721191406;32.73257827758789;33.47650146484375;33.47650146484375;302973;2.27;117.50999999999975;32.73257827758789;35.70826721191406;33.47650146484375;0.02272730186259797;-0.022222250077031158;1.461;30.01726350784302;3.459237957000731
2019-03-21;34.22042465209961;34.96434783935547;31.988658905029297;32.73257827758789;32.73257827758789;226830;-2.22;115.28999999999975;31.988658905029297;34.96434783935547;34.22042465209961;-0.022222250077031158;-0.045454487183894776;1.4482;30.27763624191284;2.4549420356750495
2019-03-22;31.988658905029297;32.73257827758789;30.500812530517578;31.244735717773438;31.244735717773438;219493;-4.55;110.73999999999975;30.500812530517578;32.73257827758789;31.988658905029297;-0.045454487183894776;0.02380955287878095;1.4622;30.463616847991943;0.7811188697814941
2019-03-25;31.988658905029297;32.73257827758789;31.244735717773438;31.988658905029297;31.988658905029297;77368;2.38;113.11999999999975;31.244735717773438;32.73257827758789;31.988658905029297;0.02380955287878095;0.02325572243485441;1.4625;30.68679361343384;1.3018652915954583
2019-03-26;33.47650146484375;33.47650146484375;31.988658905029297;32.73257827758789;32.73257827758789;129681;2.33;115.44999999999975;31.988658905029297;33.47650146484375;33.47650146484375;0.02325572243485441;-0.022727185321296806;1.4625;30.94716634750366;1.78541193008423
2019-03-27;32.73257827758789;33.47650146484375;31.244735717773438;31.988658905029297;31.988658905029297;94003;-2.27;113.17999999999975;31.244735717773438;33.47650146484375;32.73257827758789;-0.022727185321296806;-0.0930233071198544;1.4672;31.170343112945556;0.818315792083741
2019-03-28;29.75689125061035;30.500812530517578;28.269046783447266;29.012968063354492;29.012968063354492;250863;-9.3;103.87999999999975;28.269046783447266;30.500812530517578;29.75689125061035;-0.0930233071198544;-0.05128204959637839;1.513;31.244735336303712;-2.23176727294922
2019-03-29;29.012968063354492;29.75689125061035;27.525123596191406;27.525123596191406;27.525123596191406;163070;-5.13;98.74999999999976;27.525123596191406;29.75689125061035;29.012968063354492;-0.05128204959637839;0.0;1.5268;31.244735336303712;-3.719611740112306
2019-04-01;27.525123596191406;28.269046783447266;26.78120231628418;27.525123596191406;27.525123596191406;131871;0.0;98.74999999999976;26.78120231628418;28.269046783447266;27.525123596191406;0.0;-0.0810810436244187;1.5268;31.244735336303712;-3.719611740112306
2019-04-02;27.525123596191406;27.525123596191406;25.293357849121094;25.293357849121094;25.293357849121094;209240;-8.11;90.63999999999976;25.293357849121094;27.525123596191406;27.525123596191406;-0.0810810436244187;0.0;1.5564;31.133147048950196;-5.839789199829102
2019-04-03;25.293357849121094;26.78120231628418;23.06159019470215;25.293357849121094;25.293357849121094;348682;0.0;90.63999999999976;23.06159019470215;26.78120231628418;25.293357849121094;0.0;0.058823524975937014;1.5564;31.02155876159668;-5.728200912475586
2019-04-04;26.78120231628418;30.500812530517578;26.03727912902832;26.78120231628418;26.78120231628418;357536;5.88;96.51999999999975;26.03727912902832;30.500812530517578;26.78120231628418;0.058823524975937014;0.0;0.8791;30.5008131980896;-3.719610881805419
2019-04-05;28.269046783447266;28.269046783447266;26.03727912902832;26.78120231628418;26.78120231628418;216994;0.0;96.51999999999975;26.03727912902832;28.269046783447266;28.269046783447266;0.0;0.0;0.7449;30.240440368652344;-3.459238052368164
2019-04-08;26.78120231628418;27.525123596191406;26.03727912902832;26.78120231628418;26.78120231628418;101139;0.0;96.51999999999975;26.03727912902832;27.525123596191406;26.78120231628418;0.0;-0.02777781140929292;0.7082;30.091655921936034;-3.3104536056518548
2019-04-09;26.03727912902832;26.78120231628418;25.293357849121094;26.03727912902832;26.03727912902832;67359;-2.78;93.73999999999975;25.293357849121094;26.78120231628418;26.03727912902832;-0.02777781140929292;-0.02857139089767058;0.5947;29.756890964508056;-3.7196118354797356
2019-04-10;25.293357849121094;26.03727912902832;24.549434661865234;25.293357849121094;25.293357849121094;72186;-2.86;90.87999999999975;24.549434661865234;26.03727912902832;25.293357849121094;-0.02857139089767058;-0.029411800192504223;0.5967;29.422125911712648;-4.128768062591554
2019-04-11;25.293357849121094;25.293357849121094;24.549434661865234;24.549434661865234;24.549434661865234;58546;-2.94;87.93999999999976;24.549434661865234;25.293357849121094;25.293357849121094;-0.029411800192504223;0.0;0.5986;29.050164699554443;-4.500730037689209
2019-04-12;24.549434661865234;26.03727912902832;23.805513381958008;24.549434661865234;24.549434661865234;186691;0.0;87.93999999999976;23.805513381958008;26.03727912902832;24.549434661865234;0.0;-0.1515151844763264;0.5987;28.715399646759032;-4.165964984893797
2019-04-15;22.68962860107422;23.805511474609375;20.829822540283203;20.829822540283203;20.829822540283203;203368;-15.15;72.78999999999975;20.829822540283203;23.805511474609375;22.68962860107422;-0.1515151844763264;-0.17857138278734597;0.7632;28.15745782852173;-7.327635288238525
2019-04-16;20.085901260375977;20.085901260375977;17.110212326049805;17.110212326049805;17.110212326049805;299520;-17.86;54.92999999999975;17.110212326049805;20.085901260375977;20.085901260375977;-0.17857138278734597;0.15217387669316884;0.9295;27.376339530944826;-10.266127204895021
2019-04-17;15.919936180114746;19.937116622924805;14.729660987854004;19.713939666748047;19.713939666748047;361879;15.22;70.14999999999975;14.729660987854004;19.937116622924805;15.919936180114746;0.15217387669316884;-0.09433964454745658;1.121;26.68821144104004;-6.974271774291992
2019-04-18;19.565155029296875;19.788331985473633;17.705350875854492;17.85413360595703;17.85413360595703;194791;-9.43;60.71999999999975;17.705350875854492;19.788331985473633;19.565155029296875;-0.09433964454745658;-0.10416658654452204;1.1486;25.944289207458496;-8.090155601501465
2019-04-22;17.779741287231445;17.779741287231445;15.994329452514648;15.994329452514648;15.994329452514648;183271;-10.42;50.29999999999975;15.994329452514648;17.779741287231445;17.779741287231445;-0.10416658654452204;0.03255805910941745;1.1794;25.181768894195557;-9.187439441680908
2019-04-23;16.29189682006836;17.556564331054688;15.994329452514648;16.515073776245117;16.515073776245117;188581;3.26;53.55999999999975;15.994329452514648;17.556564331054688;16.29189682006836;0.03255805910941745;-0.049549497006174725;1.1851;24.408089637756348;-7.8930158615112305
2019-04-24;16.66385841369629;16.887035369873047;15.547974586486816;15.696760177612305;15.696760177612305;118883;-4.95;48.609999999999744;15.547974586486816;16.887035369873047;16.66385841369629;-0.049549497006174725;0.023696711258826886;1.17;23.55629873275757;-7.859538555145264
2019-04-25;15.84554386138916;16.515073776245117;15.473583221435547;16.068721771240234;16.068721771240234;119353;2.37;50.97999999999974;15.473583221435547;16.515073776245117;15.84554386138916;0.023696711258826886;-0.023148175624875478;1.1871;22.760301876068116;-6.691580104827882
2019-04-26;16.068721771240234;16.515073776245117;15.696760177612305;15.696760177612305;15.696760177612305;73999;-2.31;48.66999999999974;15.696760177612305;16.515073776245117;16.068721771240234;-0.023148175624875478;0.0426539587536392;1.1645;22.094491481781006;-6.397731304168701
2019-04-29;15.919936180114746;16.961427688598633;15.84554386138916;16.366289138793945;16.366289138793945;109191;4.27;52.93999999999974;15.84554386138916;16.961427688598633;15.919936180114746;0.0426539587536392;0.02272730186259797;1.1867;21.536549758911132;-5.170260620117187
2019-04-30;16.66385841369629;17.258995056152344;16.44068145751953;16.738250732421875;16.738250732421875;105226;2.27;55.209999999999745;16.44068145751953;17.258995056152344;16.66385841369629;0.02272730186259797;-0.026666700092437434;1.1952;20.997206115722655;-4.25895538330078
2019-05-02;16.66385841369629;17.03582000732422;16.143112182617188;16.29189682006836;16.29189682006836;45891;-2.67;52.53999999999974;16.143112182617188;17.03582000732422;16.66385841369629;-0.026666700092437434;-0.018264746630801576;1.1748;20.54713306427002;-4.255236244201662
2019-05-03;16.29189682006836;16.589466094970703;15.994329452514648;15.994329452514648;15.994329452514648;34035;-1.83;50.709999999999745;15.994329452514648;16.589466094970703;16.29189682006836;-0.018264746630801576;-0.013953564637621318;1.1727;20.082181644439697;-4.087852191925048
2019-05-06;16.068721771240234;16.143112182617188;15.696760177612305;15.771151542663574;15.771151542663574;31804;-1.4;49.30999999999975;15.696760177612305;16.143112182617188;16.068721771240234;-0.013953564637621318;-0.00943397424396597;1.1357;19.531679105758666;-3.760527563095092
2019-05-07;15.994329452514648;15.994329452514648;15.399190902709961;15.622366905212402;15.622366905212402;34828;-0.94;48.36999999999975;15.399190902709961;15.994329452514648;15.994329452514648;-0.00943397424396597;-0.0047619108664490595;1.1336;18.97373733520508;-3.351370429992677
2019-05-08;15.919936180114746;16.217504501342773;15.399190902709961;15.547974586486816;15.547974586486816;87630;-0.48;47.88999999999975;15.399190902709961;16.217504501342773;15.919936180114746;-0.0047619108664490595;-0.033492743433158334;1.1324;18.41207594871521;-2.864101362228393
2019-05-09;15.547974586486816;15.547974586486816;14.87844467163086;15.027230262756348;15.027230262756348;43324;-3.35;44.53999999999975;14.87844467163086;15.547974586486816;15.547974586486816;-0.033492743433158334;-0.04455444570616096;1.1328;17.861573505401612;-2.8343432426452644
2019-05-10;15.027230262756348;15.027230262756348;13.911346435546875;14.35770034790039;14.35770034790039;121329;-4.46;40.07999999999975;13.911346435546875;15.027230262756348;15.027230262756348;-0.04455444570616096;0.041450693915832115;1.1349;17.314790630340575;-2.957090282440184
2019-05-13;14.506484031677246;15.771151542663574;14.506484031677246;14.952836990356445;14.952836990356445;118762;4.15;44.22999999999975;14.506484031677246;15.771151542663574;14.506484031677246;0.041450693915832115;-0.004975130724260812;1.1592;16.834960746765137;-1.8821237564086921
2019-05-14;15.324797630310059;15.324797630310059;14.35770034790039;14.87844467163086;14.87844467163086;50677;-0.5;43.72999999999975;14.35770034790039;15.324797630310059;15.324797630310059;-0.004975130724260812;-0.05499994231205585;1.1581;16.351411247253417;-1.4729665756225572
2019-05-15;14.506484031677246;14.87844467163086;13.911346435546875;14.060131072998047;14.060131072998047;95507;-5.5;38.22999999999975;13.911346435546875;14.87844467163086;14.506484031677246;-0.05499994231205585;-0.05291011750840191;1.0618;16.01292667388916;-1.9527956008911147
2019-05-16;14.134523391723633;14.283307075500488;13.316207885742188;13.316207885742188;13.316207885742188;74066;-5.29;32.93999999999975;13.316207885742188;14.283307075500488;14.134523391723633;-0.05291011750840191;-0.03351952466566055;0.8881;15.82322645187378;-2.507018566131592
2019-05-17;13.316207885742188;14.134523391723633;12.721071243286133;12.869854927062988;12.869854927062988;72951;-3.35;29.589999999999748;12.721071243286133;14.134523391723633;13.316207885742188;-0.03351952466566055;-0.04624275871819683;0.6476;15.481022214889526;-2.6111672878265377
2019-05-20;12.64667797088623;13.167424201965332;12.274717330932617;12.274717330932617;12.274717330932617;87764;-4.62;24.969999999999747;12.274717330932617;13.167424201965332;12.64667797088623;-0.04624275871819683;0.10303027571961532;0.595;15.202051401138306;-2.9273340702056885
2019-05-21;12.349108695983887;13.539384841918945;11.67957878112793;13.539384841918945;13.539384841918945;192936;10.3;35.26999999999975;11.67957878112793;13.539384841918945;12.349108695983887;0.10303027571961532;-0.03846158722564941;0.6486;15.07930417060852;-1.5399193286895745
2019-05-22;13.613777160644531;13.836954116821289;12.869854927062988;13.018638610839844;13.018638610839844;86474;-3.85;31.419999999999746;12.869854927062988;13.836954116821289;13.613777160644531;-0.03846158722564941;-0.03999990623419536;0.6394;14.904482412338258;-1.8858438014984138
2019-05-23;13.018638610839844;13.093031883239746;12.349108695983887;12.497894287109375;12.497894287109375;67910;-4.0;27.419999999999746;12.349108695983887;13.093031883239746;13.018638610839844;-0.03999990623419536;-0.005952388219695237;0.6326;14.74453911781311;-2.246644830703735
2019-05-24;12.869854927062988;12.869854927062988;12.274717330932617;12.423501968383789;12.423501968383789;40891;-0.6;26.819999999999744;12.274717330932617;12.869854927062988;12.869854927062988;-0.005952388219695237;0.2514969310629489;0.6199;14.562278127670288;-2.1387761592864987
2019-05-27;12.497894287109375;15.547974586486816;12.349108695983887;15.547974586486816;15.547974586486816;373439;25.15;51.96999999999974;12.349108695983887;15.547974586486816;12.497894287109375;0.2514969310629489;-0.10047847564958434;1.1198;14.554838848114013;0.9931357383728034
2019-05-28;15.101621627807617;16.44068145751953;13.985737800598145;13.985737800598145;13.985737800598145;473974;-10.05;41.919999999999746;13.985737800598145;16.44068145751953;15.101621627807617;-0.10047847564958434;0.026595847327149036;1.1647;14.435811281204224;-0.4500734806060791
2019-05-29;14.134523391723633;14.655267715454102;13.911346435546875;14.35770034790039;14.35770034790039;118117;2.66;44.57999999999974;13.911346435546875;14.655267715454102;14.134523391723633;0.026595847327149036;0.025906700303019337;1.166;14.316783761978149;0.040916585922241566
2019-05-30;14.506484031677246;16.29189682006836;14.43209171295166;14.729660987854004;14.729660987854004;459470;2.59;47.169999999999746;14.43209171295166;16.29189682006836;14.506484031677246;0.025906700303019337;-0.04545453662565946;1.1682;14.238671970367431;0.490989017486573
2019-05-31;14.729660987854004;14.80405330657959;13.985737800598145;14.060131072998047;14.060131072998047;123978;-4.55;42.61999999999975;13.985737800598145;14.80405330657959;14.729660987854004;-0.04545453662565946;-0.02116404700336072;1.1769;14.141962051391602;-0.08183097839355469
2019-06-03;14.506484031677246;14.506484031677246;13.539384841918945;13.762561798095703;13.762561798095703;97066;-2.12;40.49999999999975;13.539384841918945;14.506484031677246;14.506484031677246;-0.02116404700336072;-0.04324322788601165;1.178;14.041532564163209;-0.2789707660675056
2019-06-04;13.6881685256958;13.836954116821289;13.018638610839844;13.167424201965332;13.167424201965332;99392;-4.32;36.17999999999975;13.018638610839844;13.836954116821289;13.6881685256958;-0.04324322788601165;-0.01129952136753376;1.186;13.918785429000854;-0.7513612270355221
2019-06-05;13.241815567016602;13.39060115814209;12.869854927062988;13.018638610839844;13.018638610839844;48392;-1.13;35.04999999999975;12.869854927062988;13.39060115814209;13.241815567016602;-0.01129952136753376;0.028571539499724352;1.1862;13.792318630218507;-0.7736800193786628
2019-06-06;12.944247245788574;13.46499252319336;12.795462608337402;13.39060115814209;13.39060115814209;64321;2.86;37.90999999999975;12.795462608337402;13.46499252319336;12.944247245788574;0.028571539499724352;0.016666615625896775;1.1878;13.710487174987794;-0.31988601684570384
2019-06-07;13.613777160644531;14.580876350402832;13.167424201965332;13.613777160644531;13.613777160644531;241234;1.67;39.57999999999975;13.167424201965332;14.580876350402832;13.613777160644531;0.016666615625896775;-0.005464487764691994;1.1795;13.673291015625;-0.05951385498046946
2019-06-10;13.6881685256958;13.836954116821289;13.316207885742188;13.539384841918945;13.539384841918945;65571;-0.55;39.02999999999975;13.316207885742188;13.836954116821289;13.6881685256958;-0.005464487764691994;0.20329667930166462;1.1692;13.602618408203124;-0.06323356628417898
2019-06-11;13.6881685256958;16.29189682006836;13.539384841918945;16.29189682006836;16.29189682006836;766639;20.33;59.35999999999975;13.539384841918945;16.29189682006836;13.6881685256958;0.20329667930166462;-0.05479447403931281;1.3785;13.673291015625;2.6186058044433587
2019-06-12;16.961427688598633;17.556564331054688;15.399190902709961;15.399190902709961;15.399190902709961;1224092;-5.48;53.879999999999754;15.399190902709961;17.556564331054688;16.961427688598633;-0.05479447403931281;-0.06280194822366347;1.3784;13.740244007110595;1.6589468955993656
2019-06-13;15.399190902709961;16.068721771240234;14.35770034790039;14.43209171295166;14.43209171295166;359594;-6.28;47.59999999999975;14.35770034790039;16.068721771240234;15.399190902709961;-0.06280194822366347;-0.02577316215499159;1.3846;13.79603819847107;0.6360535144805901
2019-06-14;14.43209171295166;14.580876350402832;13.911346435546875;14.060131072998047;14.060131072998047;171563;-2.58;45.019999999999754;13.911346435546875;14.580876350402832;14.43209171295166;-0.02577316215499159;0.010581955673413912;1.3819;13.855552005767823;0.2045790672302239
2019-06-17;13.985737800598145;14.580876350402832;13.911346435546875;14.208914756774902;14.208914756774902;120926;1.06;46.07999999999976;13.911346435546875;14.580876350402832;13.985737800598145;0.010581955673413912;-0.005235541652876763;1.3671;13.952261877059936;0.25665287971496653
2019-06-18;14.35770034790039;14.506484031677246;14.060131072998047;14.134523391723633;14.134523391723633;58164;-0.52;45.559999999999754;14.060131072998047;14.506484031677246;14.35770034790039;-0.005235541652876763;0.036842015064716405;1.3233;13.98201880455017;0.15250458717346227
2019-06-19;14.134523391723633;15.324797630310059;13.985737800598145;14.655267715454102;14.655267715454102;271695;3.68;49.23999999999975;13.985737800598145;15.324797630310059;14.134523391723633;0.036842015064716405;0.0;1.3173;14.063850259780883;0.5914174556732181
2019-06-21;14.952836990356445;15.250406265258789;14.580876350402832;14.655267715454102;14.655267715454102;108371;0.0;49.23999999999975;14.580876350402832;15.250406265258789;14.952836990356445;0.0;0.015228446215378;1.3052;14.17171893119812;0.4835487842559818
2019-06-24;14.729660987854004;15.622366905212402;14.655267715454102;14.87844467163086;14.87844467163086;239904;1.52;50.759999999999756;14.655267715454102;15.622366905212402;14.729660987854004;0.015228446215378;-0.019999961541370626;1.3038;14.294466066360474;0.583978605270385
2019-06-25;14.87844467163086;15.324797630310059;14.580876350402832;14.580876350402832;14.580876350402832;94606;-2.0;48.759999999999756;14.580876350402832;15.324797630310059;14.87844467163086;-0.019999961541370626;-0.020408188626750312;0.9506;14.246111154556274;0.3347651958465576
2019-06-26;14.952836990356445;14.952836990356445;14.283307075500488;14.283307075500488;14.283307075500488;85922;-2.04;46.71999999999976;14.283307075500488;14.952836990356445;14.952836990356445;-0.020408188626750312;-0.005208339940628193;0.88;14.260989618301391;0.02231745719909739
2019-06-27;14.35770034790039;14.580876350402832;14.134523391723633;14.208914756774902;14.208914756774902;81944;-0.52;46.199999999999754;14.134523391723633;14.580876350402832;14.35770034790039;-0.005208339940628193;0.015706826312709365;0.8756;14.253550338745118;-0.044635581970215554
2019-06-28;14.506484031677246;14.655267715454102;14.283307075500488;14.43209171295166;14.43209171295166;66001;1.57;47.769999999999754;14.283307075500488;14.655267715454102;14.506484031677246;0.015706826312709365;0.0;0.8725;14.238671875;0.1934198379516605
2019-07-01;14.729660987854004;14.729660987854004;14.35770034790039;14.43209171295166;14.43209171295166;41079;0.0;47.769999999999754;14.35770034790039;14.729660987854004;14.729660987854004;0.0;-0.020618516507969753;0.8556;14.257269906997681;0.17482180595397878
2019-07-02;14.43209171295166;14.43209171295166;14.134523391723633;14.134523391723633;14.134523391723633;77561;-2.06;45.70999999999975;14.134523391723633;14.43209171295166;14.43209171295166;-0.020618516507969753;0.01052626110222965;0.8554;14.275867986679078;-0.14134459495544505
2019-07-03;14.208914756774902;14.580876350402832;14.134523391723633;14.283307075500488;14.283307075500488;55409;1.05;46.75999999999975;14.134523391723633;14.580876350402832;14.208914756774902;0.01052626110222965;0.05729167257845669;0.8383;14.331662130355834;-0.04835505485534597
2019-07-04;14.506484031677246;15.399190902709961;14.283307075500488;15.101621627807617;15.101621627807617;272716;5.73;52.48999999999975;14.283307075500488;15.399190902709961;14.506484031677246;0.05729167257845669;-0.009852229192208406;0.8555;14.435811281204224;0.6658103466033936
2019-07-05;15.324797630310059;15.84554386138916;14.87844467163086;14.952836990356445;14.952836990356445;232242;-0.99;51.49999999999975;14.87844467163086;15.84554386138916;15.324797630310059;-0.009852229192208406;0.01990052289704325;0.8545;14.513923072814942;0.43891391754150355
2019-07-08;15.027230262756348;15.473583221435547;14.952836990356445;15.250406265258789;15.250406265258789;201795;1.99;53.48999999999975;14.952836990356445;15.473583221435547;15.027230262756348;0.01990052289704325;0.0;0.8551;14.595754528045655;0.6546517372131344
2019-07-10;15.994329452514648;16.217504501342773;15.250406265258789;15.250406265258789;15.250406265258789;303606;0.0;53.48999999999975;15.250406265258789;16.217504501342773;15.994329452514648;0.0;-0.009756109762800946;0.8543;14.681305599212646;0.5691006660461433
2019-07-11;15.250406265258789;15.473583221435547;15.101621627807617;15.101621627807617;15.101621627807617;86205;-0.98;52.509999999999756;15.101621627807617;15.473583221435547;15.250406265258789;-0.009756109762800946;0.0049261145961041475;0.4401;14.62179183959961;0.4798297882080078
2019-07-12;15.250406265258789;15.399190902709961;15.027230262756348;15.176013946533203;15.176013946533203;47988;0.49;52.99999999999976;15.027230262756348;15.399190902709961;15.250406265258789;0.0049261145961041475;0.014705900835557673;0.3965;14.610632991790771;0.565380954742432
2019-07-15;15.250406265258789;16.217504501342773;15.027230262756348;15.399190902709961;15.399190902709961;270149;1.47;54.46999999999976;15.027230262756348;16.217504501342773;15.250406265258789;0.014705900835557673;0.004830923857986225;0.3236;14.658987951278686;0.7402029514312751
2019-07-16;15.473583221435547;15.994329452514648;15.399190902709961;15.473583221435547;15.473583221435547;158067;0.48;54.949999999999754;15.399190902709961;15.994329452514648;15.473583221435547;0.004830923857986225;0.033653887637203006;0.3046;14.729660558700562;0.7439226627349846
2019-07-17;15.919936180114746;16.738250732421875;15.473583221435547;15.994329452514648;15.994329452514648;469444;3.37;58.31999999999975;15.473583221435547;16.738250732421875;15.919936180114746;0.033653887637203006;0.00465116833728163;0.3208;14.818931293487548;1.1753981590271003
2019-07-18;16.068721771240234;17.482173919677734;15.994329452514648;16.068721771240234;16.068721771240234;334927;0.47;58.78999999999975;15.994329452514648;17.482173919677734;16.068721771240234;0.00465116833728163;-0.03703708099980085;0.3181;14.91564121246338;1.1530805587768551
2019-07-19;16.29189682006836;16.366289138793945;15.473583221435547;15.473583221435547;15.473583221435547;148792;-3.7;55.08999999999975;15.473583221435547;16.366289138793945;16.29189682006836;-0.03703708099980085;-0.024038491169430687;0.3327;14.95655698776245;0.5170262336730964
2019-07-22;15.473583221435547;15.622366905212402;15.101621627807617;15.101621627807617;15.101621627807617;93571;-2.4;52.68999999999975;15.101621627807617;15.622366905212402;15.473583221435547;-0.024038491169430687;0.0049261145961041475;0.3462;14.978874683380127;0.12274694442749023
2019-07-23;15.250406265258789;15.547974586486816;15.101621627807617;15.176013946533203;15.176013946533203;57022;0.49;53.17999999999975;15.101621627807617;15.547974586486816;15.250406265258789;0.0049261145961041475;-0.009803871049475665;0.3428;14.993753147125243;0.1822607994079597
2019-07-24;15.176013946533203;15.250406265258789;15.027230262756348;15.027230262756348;15.027230262756348;39224;-0.98;52.199999999999754;15.027230262756348;15.250406265258789;15.176013946533203;-0.009803871049475665;-0.009901065500689143;0.3363;15.01607084274292;0.011159420013427734
2019-07-25;15.027230262756348;15.176013946533203;14.729660987854004;14.87844467163086;14.87844467163086;69684;-0.99;51.20999999999975;14.729660987854004;15.176013946533203;15.027230262756348;-0.009901065500689143;0.01500001922931471;0.3291;15.045827722549438;-0.16738305091857875
2019-07-26;14.952836990356445;15.101621627807617;14.580876350402832;15.101621627807617;15.101621627807617;56565;1.5;52.70999999999975;14.580876350402832;15.101621627807617;14.952836990356445;0.01500001922931471;-0.01970439523395917;0.3308;15.090463066101075;0.011158561706542613
2019-07-29;14.952836990356445;15.101621627807617;14.655267715454102;14.80405330657959;14.80405330657959;32113;-1.97;50.73999999999975;14.655267715454102;15.101621627807617;14.952836990356445;-0.01970439523395917;0.0050250673589649075;0.337;15.109061145782471;-0.3050078392028812
2019-07-30;14.729660987854004;15.101621627807617;14.729660987854004;14.87844467163086;14.87844467163086;31212;0.5;51.23999999999975;14.729660987854004;15.101621627807617;14.729660987854004;0.0050250673589649075;-0.004999942312055916;0.3372;15.131378793716431;-0.25293412208557164
2019-07-31;14.952836990356445;15.027230262756348;14.80405330657959;14.80405330657959;14.80405330657959;50112;-0.5;50.73999999999975;14.80405330657959;15.027230262756348;14.952836990356445;-0.004999942312055916;0.010050199137740856;0.3279;15.16485528945923;-0.3608019828796394
2019-08-01;14.952836990356445;15.547974586486816;14.87844467163086;14.952836990356445;14.952836990356445;122795;1.01;51.74999999999975;14.87844467163086;15.547974586486816;14.952836990356445;0.010050199137740856;0.0;0.3277;15.198331785202026;-0.24549479484558034
2019-08-02;14.952836990356445;15.176013946533203;14.80405330657959;14.952836990356445;14.952836990356445;35070;0.0;51.74999999999975;14.80405330657959;15.176013946533203;14.952836990356445;0.0;-0.01990052289704325;0.2559;15.190892553329467;-0.2380555629730221
2019-08-05;14.952836990356445;14.952836990356445;14.655267715454102;14.655267715454102;14.655267715454102;47061;-1.99;49.75999999999975;14.655267715454102;14.952836990356445;14.952836990356445;-0.01990052289704325;0.0;0.2632;15.176014089584351;-0.5207463741302494
2019-08-06;14.729660987854004;14.952836990356445;14.580876350402832;14.655267715454102;14.655267715454102;44991;0.0;49.75999999999975;14.580876350402832;14.952836990356445;14.729660987854004;0.0;-0.01522838114155367;0.2516;15.146257162094116;-0.49098944664001465
2019-08-07;14.729660987854004;14.87844467163086;14.283307075500488;14.43209171295166;14.43209171295166;46201;-1.52;48.239999999999746;14.283307075500488;14.87844467163086;14.729660987854004;-0.01522838114155367;0.020618582588087353;0.2558;15.10534143447876;-0.6732497215270996
2019-08-08;14.580876350402832;14.87844467163086;14.35770034790039;14.729660987854004;14.729660987854004;73031;2.06;50.29999999999975;14.35770034790039;14.87844467163086;14.580876350402832;0.020618582588087353;-0.015151533790274452;0.2671;15.08674340248108;-0.3570824146270759
2019-08-09;14.729660987854004;14.80405330657959;14.43209171295166;14.506484031677246;14.506484031677246;62815;-1.52;48.779999999999745;14.43209171295166;14.80405330657959;14.729660987854004;-0.015151533790274452;0.005128211533762306;0.2706;15.053266906738282;-0.5467828750610355
2019-08-12;14.506484031677246;14.655267715454102;14.35770034790039;14.580876350402832;14.580876350402832;34452;0.51;49.28999999999974;14.35770034790039;14.655267715454102;14.506484031677246;0.005128211533762306;-0.015306076064232954;0.2647;15.012351179122925;-0.43147482872009313
2019-08-13;14.580876350402832;14.655267715454102;14.283307075500488;14.35770034790039;14.35770034790039;66001;-1.53;47.75999999999974;14.283307075500488;14.655267715454102;14.580876350402832;-0.015306076064232954;-0.01554406003531017;0.2669;14.956557035446167;-0.5988566875457764
2019-08-14;14.35770034790039;14.729660987854004;14.134523391723633;14.134523391723633;14.134523391723633;74927;-1.55;46.209999999999745;14.134523391723633;14.729660987854004;14.35770034790039;-0.01554406003531017;-0.11578947936600215;0.2305;14.863566732406616;-0.729043340682983
2019-08-15;13.911346435546875;13.911346435546875;12.274717330932617;12.497894287109375;12.497894287109375;224553;-11.58;34.62999999999975;12.274717330932617;13.911346435546875;13.911346435546875;-0.11578947936600215;-0.03571432931817131;0.4491;14.685025358200074;-2.1871310710906986
2019-08-16;12.795462608337402;12.795462608337402;11.902755737304688;12.05154037475586;12.05154037475586;66834;-3.57;31.059999999999746;11.902755737304688;12.795462608337402;12.795462608337402;-0.03571432931817131;-0.0061728473217759205;0.4481;14.51392321586609;-2.46238284111023
2019-08-19;12.423501968383789;12.64667797088623;11.977148056030273;11.977148056030273;11.977148056030273;41294;-0.62;30.439999999999745;11.977148056030273;12.64667797088623;12.423501968383789;-0.0061728473217759205;-0.031055860561591486;0.4462;14.357699537277222;-2.3805514812469486
2019-08-20;12.05154037475586;12.125932693481445;11.530795097351074;11.60518741607666;11.60518741607666;40622;-3.11;27.329999999999746;11.530795097351074;12.125932693481445;12.05154037475586;-0.031055860561591486;0.02564097507083818;0.4474;14.179158210754395;-2.5739707946777344
2019-08-21;11.67957878112793;12.349108695983887;11.67957878112793;11.902755737304688;11.902755737304688;73125;2.56;29.889999999999745;11.67957878112793;12.349108695983887;11.67957878112793;0.02564097507083818;-0.03124995993892765;0.4679;14.022934484481812;-2.1201787471771247
2019-08-22;12.125932693481445;12.200325012207031;11.530795097351074;11.530795097351074;11.530795097351074;53903;-3.12;26.769999999999744;11.530795097351074;12.200325012207031;12.125932693481445;-0.03124995993892765;-0.012903241814205102;0.4732;13.855552005767823;-2.3247569084167488
2019-08-23;11.60518741607666;11.753972053527832;11.307618141174316;11.382010459899902;11.382010459899902;50300;-1.29;25.479999999999745;11.307618141174316;11.753972053527832;11.60518741607666;-0.012903241814205102;-0.006535955926914583;0.4622;13.669571447372437;-2.287560987472535
2019-08-26;11.60518741607666;11.67957878112793;11.158834457397461;11.307618141174316;11.307618141174316;39184;-0.65;24.829999999999746;11.158834457397461;11.67957878112793;11.60518741607666;-0.006535955926914583;-0.013157827043618564;0.4622;13.494749689102173;-2.187131547927857
2019-08-27;11.307618141174316;11.530795097351074;11.084441184997559;11.158834457397461;11.158834457397461;47263;-1.32;23.509999999999746;11.084441184997559;11.530795097351074;11.307618141174316;-0.013157827043618564;0.0;0.4573;13.308769178390502;-2.1499347209930413
2019-08-28;11.307618141174316;11.382010459899902;11.084441184997559;11.158834457397461;11.158834457397461;28766;0.0;23.509999999999746;11.084441184997559;11.382010459899902;11.307618141174316;0.0;0.05999998632582182;0.4589;13.126508235931396;-1.9676737785339355
2019-08-29;11.158834457397461;12.572285652160645;11.158834457397461;11.828364372253418;11.828364372253418;130672;6.0;29.509999999999746;11.158834457397461;12.572285652160645;11.158834457397461;0.05999998632582182;0.012578550938612265;0.5229;12.970284605026245;-1.1419202327728275
2019-08-30;12.125932693481445;12.274717330932617;11.828364372253418;11.977148056030273;11.977148056030273;108721;1.26;30.769999999999747;11.828364372253418;12.274717330932617;12.125932693481445;0.012578550938612265;-0.012422296449942083;0.5283;12.821500158309936;-0.8443521022796627
2019-09-02;12.05154037475586;12.349108695983887;11.753972053527832;11.828364372253418;11.828364372253418;72023;-1.24;29.52999999999975;11.753972053527832;12.349108695983887;12.05154037475586;-0.012422296449942083;-0.018867947346995706;0.5272;12.680154991149902;-0.8517906188964837
2019-09-03;11.902755737304688;11.977148056030273;11.530795097351074;11.60518741607666;11.60518741607666;40165;-1.89;27.63999999999975;11.530795097351074;11.977148056030273;11.902755737304688;-0.018867947346995706;0.012820528623696426;0.5267;12.52765097618103;-0.9224635601043705
2019-09-04;11.67957878112793;12.125932693481445;11.67957878112793;11.753972053527832;11.753972053527832;41792;1.28;28.91999999999975;11.67957878112793;12.125932693481445;11.67957878112793;0.012820528623696426;-0.012658243253736101;0.5331;12.39374499320984;-0.6397729396820075
2019-09-05;11.828364372253418;11.902755737304688;11.60518741607666;11.60518741607666;11.60518741607666;35232;-1.27;27.64999999999975;11.60518741607666;11.902755737304688;11.828364372253418;-0.012658243253736101;-0.006410264311848213;0.521;12.237521314620972;-0.6323338985443119
2019-09-06;11.67957878112793;11.753972053527832;11.456402778625488;11.530795097351074;11.530795097351074;34318;-0.64;27.00999999999975;11.456402778625488;11.753972053527832;11.67957878112793;-0.006410264311848213;0.0;0.5211;12.088736867904663;-0.5579417705535885
2019-09-09;11.530795097351074;11.753972053527832;11.456402778625488;11.530795097351074;11.530795097351074;28161;0.0;27.00999999999975;11.456402778625488;11.753972053527832;11.530795097351074;0.0;0.0;0.5193;11.936232805252075;-0.405437707901001
2019-09-10;11.60518741607666;11.753972053527832;11.456402778625488;11.530795097351074;11.530795097351074;27086;0.0;27.00999999999975;11.456402778625488;11.753972053527832;11.60518741607666;0.0;0.012903159107478634;0.5205;11.79488754272461;-0.26409244537353516
2019-09-11;11.67957878112793;11.67957878112793;11.456402778625488;11.67957878112793;11.67957878112793;21951;1.29;28.29999999999975;11.456402778625488;11.67957878112793;11.67957878112793;0.012903159107478634;0.1464969250242878;0.5265;11.672140312194824;0.007438468933106179
2019-09-12;11.60518741607666;13.911346435546875;11.60518741607666;13.39060115814209;13.39060115814209;367108;14.65;42.94999999999975;11.60518741607666;13.911346435546875;11.60518741607666;0.1464969250242878;-0.06111118510044433;0.633;11.71677565574646;1.6738255023956299
2019-09-13;13.316207885742188;13.539384841918945;12.497894287109375;12.572285652160645;12.572285652160645;154747;-6.11;36.83999999999975;12.497894287109375;13.539384841918945;13.316207885742188;-0.06111118510044433;-0.04142009590080309;0.6601;11.7428129196167;0.8294727325439446
2019-09-16;12.64667797088623;12.64667797088623;12.05154037475586;12.05154037475586;12.05154037475586;71741;-4.14;32.69999999999975;12.05154037475586;12.64667797088623;12.64667797088623;-0.04142009590080309;0.030864236608879603;0.6781;11.746532535552978;0.3050078392028812
2019-09-17;12.125932693481445;12.572285652160645;11.902755737304688;12.423501968383789;12.423501968383789;67265;3.09;35.78999999999975;11.902755737304688;12.572285652160645;12.125932693481445;0.030864236608879603;0.03592811107649929;0.6747;11.787448263168335;0.6360537052154545
2019-09-18;12.795462608337402;13.316207885742188;12.721071243286133;12.869854927062988;12.869854927062988;169560;3.59;39.379999999999754;12.721071243286133;13.316207885742188;12.795462608337402;0.03592811107649929;-0.03468205051329676;0.68;11.83580322265625;1.034051704406739
2019-09-19;13.093031883239746;13.241815567016602;12.200325012207031;12.423501968383789;12.423501968383789;100440;-3.47;35.909999999999755;12.200325012207031;13.241815567016602;13.093031883239746;-0.03468205051329676;-0.011976062613408778;0.6825;11.880438566207886;0.5430634021759033
2019-09-20;12.572285652160645;12.572285652160645;12.200325012207031;12.274717330932617;12.274717330932617;37329;-1.2;34.70999999999975;12.200325012207031;12.572285652160645;12.572285652160645;-0.011976062613408778;-0.012121227189177741;0.6822;11.925073909759522;0.349643421173095
2019-09-23;12.349108695983887;12.349108695983887;12.05154037475586;12.125932693481445;12.125932693481445;20163;-1.21;33.49999999999975;12.05154037475586;12.349108695983887;12.349108695983887;-0.012121227189177741;-0.0061349770451535335;0.6837;11.965989637374879;0.15994305610656667
2019-09-24;12.200325012207031;12.274717330932617;11.977148056030273;12.05154037475586;12.05154037475586;17044;-0.61;32.88999999999975;11.977148056030273;12.274717330932617;12.200325012207031;-0.0061349770451535335;0.012345694643551841;0.6818;12.010624933242799;0.04091544151306081
2019-09-25;12.05154037475586;12.200325012207031;11.67957878112793;12.200325012207031;12.200325012207031;50435;1.23;34.11999999999975;11.67957878112793;12.200325012207031;12.05154037475586;0.012345694643551841;-0.012195137203501183;0.6821;12.062699460983277;0.13762555122375453
2019-09-26;12.200325012207031;12.795462608337402;12.05154037475586;12.05154037475586;12.05154037475586;101542;-1.22;32.89999999999975;12.05154037475586;12.795462608337402;12.200325012207031;-0.012195137203501183;0.0;0.6528;12.073858261108398;-0.022317886352539062
2019-09-27;12.274717330932617;12.497894287109375;12.05154037475586;12.05154037475586;12.05154037475586;47800;0.0;32.89999999999975;12.05154037475586;12.497894287109375;12.274717330932617;0.0;-0.0061728473217759205;0.6515;12.077577877044678;-0.02603750228881907
2019-09-30;12.125932693481445;12.200325012207031;11.977148056030273;11.977148056030273;11.977148056030273;23187;-0.62;32.27999999999975;11.977148056030273;12.200325012207031;12.125932693481445;-0.0061728473217759205;0.024844752148865945;0.6502;12.08501706123352;-0.10786900520324672
2019-10-01;12.05154037475586;12.423501968383789;11.828364372253418;12.274717330932617;12.274717330932617;32368;2.48;34.75999999999975;11.828364372253418;12.423501968383789;12.05154037475586;0.024844752148865945;-0.030303067972944353;0.6507;12.118493556976318;0.15622377395629883
2019-10-02;12.05154037475586;12.125932693481445;11.828364372253418;11.902755737304688;11.902755737304688;24733;-3.03;31.729999999999748;11.828364372253418;12.125932693481445;12.05154037475586;-0.030303067972944353;0.018750024036643387;0.6605;12.125932741165162;-0.22317700386047434
2019-10-03;11.977148056030273;12.274717330932617;11.902755737304688;12.125932693481445;12.125932693481445;15082;1.88;33.60999999999975;11.902755737304688;12.274717330932617;11.977148056030273;0.018750024036643387;-0.012269954090307178;0.661;12.1519700050354;-0.026037311553954723
2019-10-04;12.125932693481445;12.274717330932617;11.902755737304688;11.977148056030273;11.977148056030273;20459;-1.23;32.379999999999754;11.902755737304688;12.274717330932617;12.125932693481445;-0.012269954090307178;-0.006211188037216542;0.6624;12.17428765296936;-0.19713959693908656
2019-10-07;12.05154037475586;12.200325012207031;11.902755737304688;11.902755737304688;11.902755737304688;27462;-0.62;31.759999999999753;11.902755737304688;12.200325012207031;12.05154037475586;-0.006211188037216542;-0.024999951926713226;0.6631;12.192885684967042;-0.2901299476623542
2019-10-08;11.902755737304688;11.902755737304688;11.23322582244873;11.60518741607666;11.60518741607666;60449;-2.5;29.259999999999753;11.23322582244873;11.902755737304688;11.902755737304688;-0.024999951926713226;0.01923079293554464;0.6702;12.19660530090332;-0.5914178848266598
2019-10-09;11.67957878112793;11.828364372253418;11.530795097351074;11.828364372253418;11.828364372253418;18200;1.92;31.17999999999975;11.530795097351074;11.828364372253418;11.67957878112793;0.01923079293554464;-0.018867947346995706;0.6721;12.204044580459595;-0.37568020820617676
2019-10-10;11.828364372253418;11.828364372253418;11.530795097351074;11.60518741607666;11.60518741607666;11721;-1.89;29.28999999999975;11.530795097351074;11.828364372253418;11.828364372253418;-0.018867947346995706;0.012820528623696426;0.3999;12.114773893356324;-0.5095864772796634
2019-10-11;11.67957878112793;11.753972053527832;11.530795097351074;11.753972053527832;11.753972053527832;16372;1.28;30.56999999999975;11.530795097351074;11.753972053527832;11.67957878112793;0.012820528623696426;0.0;0.3498;12.073858213424682;-0.3198861598968499
2019-10-14;11.753972053527832;11.977148056030273;11.456402778625488;11.753972053527832;11.753972053527832;41442;0.0;30.56999999999975;11.456402778625488;11.977148056030273;11.753972053527832;0.0;-0.012658243253736101;0.3192;12.058979797363282;-0.30500774383544993
2019-10-15;11.753972053527832;11.977148056030273;11.60518741607666;11.60518741607666;11.60518741607666;27408;-1.27;29.299999999999752;11.60518741607666;11.977148056030273;11.753972053527832;-0.012658243253736101;0.006410182135293763;0.2982;12.018064069747926;-0.41287665367126536
2019-10-16;11.753972053527832;11.828364372253418;11.60518741607666;11.67957878112793;11.67957878112793;11654;0.64;29.939999999999753;11.60518741607666;11.828364372253418;11.753972053527832;0.006410182135293763;0.019108305218795252;0.2631;11.958550262451173;-0.2789714813232429
2019-10-17;11.753972053527832;12.200325012207031;11.753972053527832;11.902755737304688;11.902755737304688;48580;1.91;31.849999999999753;11.753972053527832;12.200325012207031;11.753972053527832;0.019108305218795252;-0.018750024036643387;0.2508;11.932512950897216;-0.029757213592528586
2019-10-18;12.05154037475586;12.05154037475586;11.60518741607666;11.67957878112793;11.67957878112793;34022;-1.88;29.969999999999754;11.60518741607666;12.05154037475586;12.05154037475586;-0.018750024036643387;-0.006369353419788726;0.2555;11.902756023406983;-0.22317724227905344
2019-10-21;11.67957878112793;11.67957878112793;11.530795097351074;11.60518741607666;11.60518741607666;18886;-0.64;29.329999999999753;11.530795097351074;11.67957878112793;11.67957878112793;-0.006369353419788726;0.0;0.2534;11.876718759536743;-0.271531343460083
2019-10-22;11.60518741607666;11.67957878112793;11.456402778625488;11.60518741607666;11.60518741607666;30204;0.0;29.329999999999753;11.456402778625488;11.67957878112793;11.60518741607666;0.0;-0.019230792935544527;0.253;11.854401111602783;-0.24921369552612305
2019-10-23;11.60518741607666;11.60518741607666;11.23322582244873;11.382010459899902;11.382010459899902;24760;-1.92;27.409999999999755;11.23322582244873;11.60518741607666;11.60518741607666;-0.019230792935544527;-0.013071911853829055;0.2545;11.813485383987427;-0.4314749240875244
2019-10-24;11.23322582244873;11.23322582244873;11.084441184997559;11.23322582244873;11.23322582244873;36509;-1.31;26.099999999999756;11.084441184997559;11.23322582244873;11.23322582244873;-0.013071911853829055;-0.013245049979662804;0.2549;11.77256965637207;-0.5393438339233398
2019-10-25;11.084441184997559;11.23322582244873;11.010048866271973;11.084441184997559;11.084441184997559;27126;-1.32;24.779999999999756;11.010048866271973;11.23322582244873;11.084441184997559;-0.013245049979662804;0.006711504094639498;0.2569;11.724214696884156;-0.639773511886597
2019-10-28;10.935656547546387;11.60518741607666;10.786872863769531;11.158834457397461;11.158834457397461;95856;0.67;25.449999999999758;10.786872863769531;11.60518741607666;10.935656547546387;0.006711504094639498;0.0;0.2596;11.683299016952514;-0.524464559555053
2019-10-29;11.307618141174316;11.382010459899902;11.010048866271973;11.158834457397461;11.158834457397461;18523;0.0;25.449999999999758;11.010048866271973;11.382010459899902;11.307618141174316;0.0;-0.020000109393425447;0.2378;11.627504873275758;-0.4686704158782966
2019-10-30;11.158834457397461;11.158834457397461;10.935656547546387;10.935656547546387;10.935656547546387;25620;-2.0;23.449999999999758;10.935656547546387;11.158834457397461;11.158834457397461;-0.020000109393425447;0.006802729987188227;0.2255;11.579149913787841;-0.6434933662414544
2019-10-31;11.010048866271973;11.456402778625488;10.935656547546387;11.010048866271973;11.010048866271973;64361;0.68;24.129999999999757;10.935656547546387;11.456402778625488;11.010048866271973;0.006802729987188227;0.006756765535662401;0.2131;11.523355722427368;-0.5133068561553955
2019-11-01;11.158834457397461;11.382010459899902;11.010048866271973;11.084441184997559;11.084441184997559;32489;0.68;24.809999999999757;11.010048866271973;11.382010459899902;11.158834457397461;0.006756765535662401;0.0;0.2148;11.478720378875732;-0.3942791938781731
2019-11-04;11.084441184997559;11.158834457397461;10.935656547546387;11.084441184997559;11.084441184997559;45192;0.0;24.809999999999757;10.935656547546387;11.158834457397461;11.084441184997559;0.0;0.03355709028718268;0.215;11.437804651260375;-0.3533634662628167
2019-11-05;11.158834457397461;11.67957878112793;11.158834457397461;11.456402778625488;11.456402778625488;117310;3.36;28.169999999999757;11.158834457397461;11.67957878112793;11.158834457397461;0.03355709028718268;-0.0129870292033345;0.2366;11.430365419387817;0.026037359237671254
2019-11-06;11.456402778625488;11.60518741607666;11.307618141174316;11.307618141174316;11.307618141174316;46066;-1.3;26.869999999999756;11.307618141174316;11.60518741607666;11.456402778625488;-0.0129870292033345;-0.006578955691358357;0.2284;11.404328107833862;-0.0967099666595459
2019-11-07;11.23322582244873;11.382010459899902;11.158834457397461;11.23322582244873;11.23322582244873;41805;-0.66;26.209999999999756;11.158834457397461;11.382010459899902;11.23322582244873;-0.006578955691358357;-0.006622440092195481;0.2205;11.385730028152466;-0.15250420570373535
2019-11-08;11.307618141174316;11.307618141174316;11.158834457397461;11.158834457397461;11.158834457397461;16251;-0.66;25.549999999999756;11.158834457397461;11.307618141174316;11.307618141174316;-0.006622440092195481;-0.006666760106884162;0.2145;11.355973148345948;-0.19713869094848668
2019-11-11;11.010048866271973;11.23322582244873;11.010048866271973;11.084441184997559;11.084441184997559;33780;-0.67;24.879999999999754;11.010048866271973;11.23322582244873;11.010048866271973;-0.006666760106884162;0.0;0.2147;11.322496604919433;-0.2380554199218743
2019-11-12;11.158834457397461;11.158834457397461;11.010048866271973;11.084441184997559;11.084441184997559;14517;0.0;24.879999999999754;11.010048866271973;11.158834457397461;11.158834457397461;0.0;0.006711504094639498;0.2117;11.296459293365478;-0.21201810836791957
2019-11-13;11.084441184997559;11.158834457397461;10.414911270141602;11.158834457397461;11.158834457397461;60436;0.67;25.549999999999756;10.414911270141602;11.158834457397461;11.084441184997559;0.006711504094639498;-0.03333337321635299;0.2119;11.270422077178955;-0.11158761978149379
2019-11-14;10.712479591369629;10.935656547546387;10.563695907592773;10.786872863769531;10.786872863769531;37060;-3.33;22.219999999999757;10.563695907592773;10.935656547546387;10.712479591369629;-0.03333337321635299;-0.006896648670975947;0.2234;11.214627933502197;-0.4277550697326653
2019-11-18;10.861265182495117;10.935656547546387;10.63808822631836;10.712479591369629;10.712479591369629;20714;-0.69;21.529999999999756;10.63808822631836;10.935656547546387;10.861265182495117;-0.006896648670975947;-0.013888818411072701;0.2175;11.166272974014282;-0.45379338264465297
2019-11-19;10.63808822631836;10.786872863769531;10.563695907592773;10.563695907592773;10.563695907592773;32933;-1.39;20.139999999999755;10.563695907592773;10.786872863769531;10.63808822631836;-0.013888818411072701;0.007042262421821155;0.2201;11.114198398590087;-0.5505024909973137
2019-11-21;10.489303588867188;10.786872863769531;10.489303588867188;10.63808822631836;10.63808822631836;37584;0.7;20.839999999999755;10.489303588867188;10.786872863769531;10.489303588867188;0.007042262421821155;0.006992926122498799;0.2235;11.065843439102172;-0.4277552127838131
2019-11-22;10.63808822631836;10.712479591369629;10.563695907592773;10.712479591369629;10.712479591369629;14248;0.7;21.539999999999754;10.563695907592773;10.712479591369629;10.63808822631836;0.006992926122498799;0.0;0.2195;11.03236689567566;-0.31988730430603063
2019-11-25;10.63808822631836;10.712479591369629;10.489303588867188;10.712479591369629;10.712479591369629;29169;0.0;21.539999999999754;10.489303588867188;10.712479591369629;10.63808822631836;0.0;-0.006944364693231453;0.2164;11.006329584121705;-0.2938499927520759
2019-11-26;10.63808822631836;10.712479591369629;10.563695907592773;10.63808822631836;10.63808822631836;14719;-0.69;20.849999999999753;10.563695907592773;10.712479591369629;10.63808822631836;-0.006944364693231453;0.0;0.2133;10.984011936187745;-0.3459237098693855
2019-11-27;10.563695907592773;10.786872863769531;10.563695907592773;10.63808822631836;10.63808822631836;33605;0.0;20.849999999999753;10.563695907592773;10.786872863769531;10.563695907592773;0.0;0.0;0.211;10.957974624633788;-0.319886398315429
2019-11-28;10.63808822631836;10.712479591369629;10.563695907592773;10.63808822631836;10.63808822631836;18321;0.0;20.849999999999753;10.563695907592773;10.712479591369629;10.63808822631836;0.0;-0.0069930157696512785;0.211;10.931937313079834;-0.29384908676147425
2019-11-29;10.63808822631836;10.786872863769531;10.563695907592773;10.563695907592773;10.563695907592773;25553;-0.7;20.149999999999753;10.563695907592773;10.786872863769531;10.63808822631836;-0.0069930157696512785;0.06338027151791881;0.2013;10.913339281082154;-0.34964337348938024
2019-12-02;10.861265182495117;11.753972053527832;10.712479591369629;11.23322582244873;11.23322582244873;199899;6.34;26.489999999999753;10.712479591369629;11.753972053527832;10.861265182495117;0.06338027151791881;-0.006622440092195481;0.3059;10.924498128890992;0.30872769355773855
2019-12-03;11.307618141174316;11.977148056030273;11.084441184997559;11.158834457397461;11.158834457397461;192735;-0.66;25.829999999999753;11.084441184997559;11.977148056030273;11.307618141174316;-0.006622440092195481;-0.02666669857308246;0.3063;10.928217792510987;0.23061666488647425
2019-12-04;11.23322582244873;11.60518741607666;10.861265182495117;10.861265182495117;10.861265182495117;68918;-2.67;23.159999999999755;10.861265182495117;11.60518741607666;11.23322582244873;-0.02666669857308246;0.013698559171232416;0.3212;10.917058992385865;-0.05579380989074778
2019-12-05;10.861265182495117;11.158834457397461;10.861265182495117;11.010048866271973;11.010048866271973;32584;1.37;24.529999999999756;10.861265182495117;11.158834457397461;10.861265182495117;0.013698559171232416;0.07432442089228708;0.3;10.894741296768188;0.11530756950378418
2019-12-06;11.010048866271973;11.977148056030273;11.010048866271973;11.828364372253418;11.828364372253418;160957;7.43;31.959999999999756;11.010048866271973;11.977148056030273;11.010048866271973;0.07432442089228708;0.06289299657121594;0.4002;10.920778608322143;0.9075857639312748
2019-12-09;11.902755737304688;13.985737800598145;11.902755737304688;12.572285652160645;12.572285652160645;631060;6.29;38.24999999999976;11.902755737304688;13.985737800598145;11.902755737304688;0.06289299657121594;-0.07692302440787935;0.4519;10.98773159980774;1.584554052352905
2019-12-10;12.869854927062988;12.869854927062988;11.382010459899902;11.60518741607666;11.60518741607666;235266;-7.69;30.559999999999757;11.382010459899902;12.869854927062988;12.869854927062988;-0.07692302440787935;0.006410182135293763;0.5385;11.0100492477417;0.5951381683349606
2019-12-11;11.60518741607666;11.977148056030273;11.382010459899902;11.67957878112793;11.67957878112793;129207;0.64;31.199999999999758;11.382010459899902;11.977148056030273;11.60518741607666;0.006410182135293763;0.025477740291727002;0.5376;11.039806127548218;0.6397726535797119
2019-12-12;11.753972053527832;12.274717330932617;11.753972053527832;11.977148056030273;11.977148056030273;107215;2.55;33.74999999999976;11.753972053527832;12.274717330932617;11.753972053527832;0.025477740291727002;0.03726712822329903;0.5432;11.084441471099854;0.8927065849304192
2019-12-13;12.05154037475586;12.869854927062988;11.828364372253418;12.423501968383789;12.423501968383789;244313;3.73;37.479999999999755;11.828364372253418;12.869854927062988;12.05154037475586;0.03726712822329903;0.0538922049966124;0.5556;11.14767484664917;1.2758271217346184
2019-12-16;12.795462608337402;13.613777160644531;12.64667797088623;13.093031883239746;13.093031883239746;298256;5.39;42.869999999999756;12.64667797088623;13.613777160644531;12.795462608337402;0.0538922049966124;0.0;0.56;11.26298279762268;1.8300490856170661
2019-12-17;13.46499252319336;13.613777160644531;13.018638610839844;13.093031883239746;13.093031883239746;91017;0.0;42.869999999999756;13.018638610839844;13.613777160644531;13.46499252319336;0.0;0.8522726900258641;0.5577;11.382010412216186;1.7110214710235603
2019-12-18;13.39060115814209;24.25186538696289;13.316207885742188;24.25186538696289;24.25186538696289;1055580;85.23;128.09999999999977;13.316207885742188;24.25186538696289;13.39060115814209;0.8522726900258641;-0.19938651802498508;3.0331;12.066418886184692;12.185446500778198
2019-12-19;22.317668914794922;24.028688430786133;17.779741287231445;19.416370391845703;19.416370391845703;1520535;-19.94;108.15999999999977;17.779741287231445;24.028688430786133;22.317668914794922;-0.19938651802498508;-0.07662835211404584;3.1613;12.50533299446106;6.911037397384643
2019-12-20;20.681039810180664;22.68962860107422;17.482173919677734;17.928525924682617;17.928525924682617;650592;-7.66;100.49999999999977;17.482173919677734;22.68962860107422;20.681039810180664;-0.07662835211404584;-0.008298765781203254;3.188;12.866135311126708;5.062390613555909
2019-12-23;18.523664474487305;19.11880111694336;15.84554386138916;17.779741287231445;17.779741287231445;346541;-0.83;99.66999999999977;15.84554386138916;19.11880111694336;18.523664474487305;-0.008298765781203254;0.14225949008255467;3.1895;13.2194983959198;4.5602428913116455
2019-12-26;18.151702880859375;21.201784133911133;17.482173919677734;20.309078216552734;20.309078216552734;383386;14.23;113.89999999999978;17.482173919677734;21.201784133911133;18.151702880859375;0.14225949008255467;-0.047619105757561675;3.2049;13.703047895431519;6.6060303211212155
2019-12-27;20.978607177734375;21.499353408813477;19.193193435668945;19.341978073120117;19.341978073120117;233962;-4.76;109.13999999999977;19.193193435668945;21.499353408813477;20.978607177734375;-0.047619105757561675;-0.015384536495119172;3.2185;14.138242387771607;5.20373568534851
2019-12-30;19.341978073120117;19.86272430419922;18.523664474487305;19.044410705566406;19.044410705566406;129166;-1.54;107.59999999999977;18.523664474487305;19.86272430419922;19.341978073120117;-0.015384536495119172;0.08593750312977111;3.2217;14.55855851173401;4.485852193832397
2020-01-02;19.416370391845703;21.127391815185547;19.341978073120117;20.681039810180664;20.681039810180664;226327;8.59;116.18999999999977;19.341978073120117;21.127391815185547;19.416370391845703;0.08593750312977111;0.05395680699699823;3.2193;15.064425706863403;5.616614103317261
2020-01-03;20.01150894165039;23.433551788330078;19.788331985473633;21.79692268371582;21.79692268371582;454173;5.4;121.58999999999978;19.788331985473633;23.433551788330078;20.01150894165039;0.05395680699699823;0.13651876356607295;3.2189;15.592610549926757;6.204312133789063
2020-01-06;21.871315002441406;26.186063766479492;21.871315002441406;24.772611618041992;24.772611618041992;1049545;13.65;135.23999999999978;21.871315002441406;26.186063766479492;21.871315002441406;0.13651876356607295;0.05105103694699942;3.2271;16.273299407958984;8.499312210083009
2020-01-07;26.03727912902832;28.269046783447266;24.99578857421875;26.03727912902832;26.03727912902832;1064721;5.11;140.3499999999998;24.99578857421875;28.269046783447266;26.03727912902832;0.05105103694699942;-0.03428568372811058;3.2128;17.032100105285643;9.005179023742677
2020-01-08;26.632417678833008;27.376338958740234;24.62382698059082;25.144573211669922;25.144573211669922;541602;-3.43;136.9199999999998;24.62382698059082;27.376338958740234;26.632417678833008;-0.03428568372811058;-0.05917159359350577;3.2262;17.738826322555543;7.405746889114379
2020-01-09;25.739709854125977;25.814102172851562;23.284767150878906;23.656728744506836;23.656728744506836;262043;-5.92;130.9999999999998;23.284767150878906;25.814102172851562;25.739709854125977;-0.05917159359350577;0.0;3.251;18.330244541168213;5.326484203338623
2020-01-10;23.58233642578125;24.921396255493164;23.284767150878906;23.656728744506836;23.656728744506836;274437;0.0;130.9999999999998;23.284767150878906;24.921396255493164;23.58233642578125;0.0;0.022012524612110118;3.2552;18.884466695785523;4.772262048721313
2020-01-13;23.805511474609375;24.549434661865234;23.507944107055664;24.177473068237305;24.177473068237305;101421;2.2;133.1999999999998;23.507944107055664;24.549434661865234;23.805511474609375;0.022012524612110118;0.04923075248192266;3.2243;19.513080978393553;4.664392089843751
2020-01-14;24.326257705688477;25.962886810302734;23.805511474609375;25.367748260498047;25.367748260498047;229365;4.92;138.11999999999978;23.805511474609375;25.962886810302734;24.326257705688477;0.04923075248192266;-0.041055695764347755;3.22;20.19748945236206;5.170258808135987
2020-01-15;25.66531753540039;26.483633041381836;24.25186538696289;24.326257705688477;24.326257705688477;244904;-4.11;134.00999999999976;24.25186538696289;26.483633041381836;25.66531753540039;-0.041055695764347755;0.00917432343588831;3.2362;20.81494493484497;3.5113127708435066
2020-01-16;24.698219299316406;24.772611618041992;23.805511474609375;24.549434661865234;24.549434661865234;94405;0.92;134.92999999999975;23.805511474609375;24.772611618041992;24.698219299316406;0.00917432343588831;-0.03636360387333548;3.2393;21.421241569519044;3.1281930923461907
2020-01-17;24.62382698059082;24.62382698059082;23.433551788330078;23.656728744506836;23.656728744506836;74120;-3.64;131.28999999999976;23.433551788330078;24.62382698059082;24.62382698059082;-0.03636360387333548;-0.025157263129327645;3.2532;21.949426412582397;1.7073023319244385
2020-01-20;23.656728744506836;24.326257705688477;22.168882369995117;23.06159019470215;23.06159019470215;194536;-2.52;128.76999999999975;22.168882369995117;24.326257705688477;23.656728744506836;-0.025157263129327645;-0.05161288455009405;3.2589;22.44785432815552;0.6137358665466301
2020-01-21;22.68962860107422;23.284767150878906;21.722530364990234;21.871315002441406;21.871315002441406;158511;-5.16;123.60999999999976;21.722530364990234;23.284767150878906;22.68962860107422;-0.05161288455009405;-0.020408188181812115;1.2288;22.328826808929442;-0.4575118064880357
2020-01-22;22.09449005126953;22.54084587097168;20.01150894165039;21.42496109008789;21.42496109008789;219700;-2.04;121.56999999999975;20.01150894165039;22.54084587097168;22.09449005126953;-0.020408188181812115;-0.027777812398456336;0.9888;22.42925634384155;-1.0042952537536607
2020-01-23;21.127391815185547;21.350568771362305;20.53225326538086;20.829822540283203;20.829822540283203;90721;-2.78;118.78999999999975;20.53225326538086;21.350568771362305;21.127391815185547;-0.027777812398456336;0.19285720695485864;0.9486;22.57432117462158;-1.7444986343383775
2020-01-24;20.978607177734375;25.442142486572266;20.38347053527832;24.847003936767578;24.847003936767578;844590;19.29;138.07999999999976;20.38347053527832;25.442142486572266;20.978607177734375;0.19285720695485864;-0.10778448675695207;1.1474;22.92768430709839;1.9193196296691895
2020-01-27;23.58233642578125;26.03727912902832;22.09449005126953;22.168882369995117;22.168882369995117;489325;-10.78;127.29999999999976;22.09449005126953;26.03727912902832;23.58233642578125;-0.10778448675695207;0.026845672229746098;1.1349;23.02067451477051;-0.8517921447753913
2020-01-28;23.21037483215332;23.879905700683594;22.46645164489746;22.764020919799805;22.764020919799805;386209;2.68;129.97999999999976;22.46645164489746;23.879905700683594;23.21037483215332;0.026845672229746098;-0.039215651773625626;1.1183;23.19177665710449;-0.4277557373046861
2020-01-29;23.06159019470215;23.135982513427734;21.871315002441406;21.871315002441406;21.871315002441406;115092;-3.92;126.05999999999976;21.871315002441406;23.135982513427734;23.06159019470215;-0.039215651773625626;0.04761901854979067;1.1288;23.333121871948244;-1.4618068695068374
2020-01-30;21.573745727539062;22.912805557250977;20.23468589782715;22.912805557250977;22.912805557250977;232833;4.76;130.81999999999977;20.23468589782715;22.912805557250977;21.573745727539062;0.04761901854979067;-0.05519479087038781;1.1021;23.444710159301756;-0.5319046020507798
2020-01-31;22.615236282348633;23.656728744506836;21.573745727539062;21.64813804626465;21.64813804626465;128709;-5.52;125.29999999999977;21.573745727539062;23.656728744506836;22.615236282348633;-0.05519479087038781;0.01374572142261865;1.1089;23.4372709274292;-1.7891328811645515
2020-02-03;22.243276596069336;23.433551788330078;21.42496109008789;21.945707321166992;21.945707321166992;262809;1.37;126.66999999999977;21.42496109008789;23.433551788330078;22.243276596069336;0.01374572142261865;0.01355933853247615;0.9905;23.29592571258545;-1.3502183914184585
2020-02-04;23.06159019470215;24.10308074951172;22.168882369995117;22.243276596069336;22.243276596069336;442667;1.36;128.02999999999977;22.168882369995117;24.10308074951172;23.06159019470215;0.01355933853247615;-0.010033456861126111;0.9715;23.1062255859375;-0.8629489898681655
2020-02-05;22.615236282348633;22.83841323852539;21.945707321166992;22.020099639892578;22.020099639892578;112484;-1.0;127.02999999999977;21.945707321166992;22.83841323852539;22.615236282348633;-0.010033456861126111;-0.006756764950401339;0.966;22.950001907348632;-0.929902267456054
2020-02-06;22.392059326171875;22.83841323852539;21.79692268371582;21.871315002441406;21.871315002441406;166374;-0.68;126.34999999999977;21.79692268371582;22.83841323852539;22.392059326171875;-0.006756764950401339;0.006802729393937446;0.9446;22.860731220245363;-0.9894162178039565
2020-02-07;22.09449005126953;22.317668914794922;20.978607177734375;22.020099639892578;22.020099639892578;82844;0.68;127.02999999999977;20.978607177734375;22.317668914794922;22.09449005126953;0.006802729393937446;-0.060810797935083594;0.9452;22.77889976501465;-0.7588001251220717
2020-02-10;21.722530364990234;22.020099639892578;20.457862854003906;20.681039810180664;20.681039810180664;77077;-6.08;120.94999999999978;20.457862854003906;22.020099639892578;21.722530364990234;-0.060810797935083594;0.021582667462646477;0.9629;22.604078102111817;-1.923038291931153
2020-02-11;21.05299949645996;21.722530364990234;20.978607177734375;21.127391815185547;21.127391815185547;47961;2.16;123.10999999999977;20.978607177734375;21.722530364990234;21.05299949645996;0.021582667462646477;-0.010563303354260478;0.9466;22.39206027984619;-1.2646684646606445
2020-02-12;21.27617645263672;21.42496109008789;20.681039810180664;20.904216766357422;20.904216766357422;29384;-1.06;122.04999999999977;20.681039810180664;21.42496109008789;21.27617645263672;-0.010563303354260478;-0.014234892329534343;0.9385;22.22095823287964;-1.3167414665222168
2020-02-13;20.755430221557617;21.201784133911133;20.457862854003906;20.606647491455078;20.606647491455078;44628;-1.42;120.62999999999977;20.457862854003906;21.201784133911133;20.755430221557617;-0.014234892329534343;-0.018050563236070793;0.9371;22.02381887435913;-1.4171713829040513
2020-02-14;20.829822540283203;20.904216766357422;20.160293579101562;20.23468589782715;20.23468589782715;42141;-1.81;118.81999999999977;20.160293579101562;20.904216766357422;20.829822540283203;-0.018050563236070793;0.011029425280118854;0.9318;21.852716732025147;-1.6180308341979988
2020-02-17;20.457862854003906;20.606647491455078;20.160293579101562;20.457862854003906;20.457862854003906;30930;1.1;119.91999999999976;20.160293579101562;20.606647491455078;20.457862854003906;0.011029425280118854;-0.047272784568664794;0.9309;21.722530364990234;-1.2646675109863281
2020-02-18;20.23468589782715;20.38347053527832;18.97001838684082;19.49076271057129;19.49076271057129;103707;-4.73;115.18999999999976;18.97001838684082;20.38347053527832;20.23468589782715;-0.047272784568664794;-0.007633597497468614;0.9281;21.60350275039673;-2.1127400398254395
2020-02-19;19.341978073120117;19.565155029296875;18.82123374938965;19.341978073120117;19.341978073120117;49736;-0.76;114.42999999999975;18.82123374938965;19.565155029296875;19.341978073120117;-0.007633597497468614;-0.026923012825361248;0.9262;21.49935359954834;-2.157375526428222
2020-02-20;19.49076271057129;19.49076271057129;18.59805679321289;18.82123374938965;18.82123374938965;49373;-2.69;111.73999999999975;18.59805679321289;19.49076271057129;19.49076271057129;-0.026923012825361248;0.02766791649603495;0.926;21.398924160003663;-2.5776904106140144
2020-02-21;18.59805679321289;21.27617645263672;18.374879837036133;19.341978073120117;19.341978073120117;199362;2.77;114.50999999999975;18.374879837036133;21.27617645263672;18.59805679321289;0.02766791649603495;-0.09615377219494348;0.5837;21.123672866821288;-1.7816947937011705
2020-02-26;18.523664474487305;18.59805679321289;17.40778160095215;17.482173919677734;17.482173919677734;80317;-9.62;104.88999999999974;17.40778160095215;18.59805679321289;18.523664474487305;-0.09615377219494348;0.008510648511722119;0.5593;20.88933744430542;-3.407163524627684
2020-02-27;17.556564331054688;18.151702880859375;17.110212326049805;17.630958557128906;17.630958557128906;80841;0.85;105.73999999999974;17.110212326049805;18.151702880859375;17.556564331054688;0.008510648511722119;-0.03375531443036883;0.5464;20.632684326171876;-3.00172576904297
2020-02-28;17.333389282226562;17.482173919677734;16.44068145751953;17.03582000732422;17.03582000732422;90237;-3.38;102.35999999999974;16.44068145751953;17.482173919677734;17.333389282226562;-0.03375531443036883;0.07860260493103421;0.5431;20.390909576416014;-3.3550895690917955
2020-03-02;17.333389282226562;18.374879837036133;17.333389282226562;18.374879837036133;18.374879837036133;75263;7.86;110.21999999999974;17.333389282226562;18.374879837036133;17.333389282226562;0.07860260493103421;0.012145764116885616;0.5966;20.164013290405272;-1.7891334533691392
2020-03-03;18.44927215576172;19.63954734802246;17.85413360595703;18.59805679321289;18.59805679321289;55086;1.21;111.42999999999974;17.85413360595703;19.63954734802246;18.44927215576172;0.012145764116885616;-0.016000019690817213;0.577;20.011509227752686;-1.4134524345397956
2020-03-04;19.193193435668945;19.193193435668945;17.85413360595703;18.300487518310547;18.300487518310547;30487;-1.6;109.82999999999974;17.85413360595703;19.193193435668945;19.193193435668945;-0.016000019690817213;-0.06910567326258199;0.5725;19.829248237609864;-1.5287607192993171
2020-03-05;18.07731056213379;18.300487518310547;16.887035369873047;17.03582000732422;17.03582000732422;41213;-6.91;102.91999999999975;16.887035369873047;18.300487518310547;18.07731056213379;-0.06910567326258199;-0.1004367489371536;0.6047;19.56887540817261;-2.53305540084839
2020-03-06;16.81264305114746;16.81264305114746;15.176013946533203;15.324797630310059;15.324797630310059;77615;-10.04;92.87999999999974;15.176013946533203;16.81264305114746;16.81264305114746;-0.1004367489371536;-0.19902907516017432;0.6801;19.23411030769348;-3.909312677383422
2020-03-09;14.87844467163086;14.87844467163086;12.274717330932617;12.274717330932617;12.274717330932617;92953;-19.9;72.97999999999973;12.274717330932617;14.87844467163086;14.87844467163086;-0.19902907516017432;0.1272727300979708;0.9358;18.754280424118043;-6.479563093185426
2020-03-10;13.762561798095703;14.43209171295166;12.944247245788574;13.836954116821289;13.836954116821289;50838;12.73;85.70999999999974;12.944247245788574;14.43209171295166;13.762561798095703;0.1272727300979708;-0.06451614014875351;1.0797;18.34512314796448;-4.50816903114319
2020-03-11;13.316207885742188;14.134523391723633;12.274717330932617;12.944247245788574;12.944247245788574;44816;-6.45;79.25999999999974;12.274717330932617;14.134523391723633;13.316207885742188;-0.06451614014875351;-0.1551724607930125;1.0816;17.958283519744874;-5.0140362739563
2020-03-12;11.902755737304688;11.902755737304688;10.712479591369629;10.935656547546387;10.935656547546387;66915;-15.52;63.73999999999974;10.712479591369629;11.902755737304688;11.902755737304688;-0.1551724607930125;0.04081637992312981;1.1681;17.448696756362914;-6.513040208816527
2020-03-13;12.200325012207031;12.274717330932617;10.935656547546387;11.382010459899902;11.382010459899902;61538;4.08;67.81999999999974;10.935656547546387;12.274717330932617;12.200325012207031;0.04081637992312981;-0.14379086281639653;1.1932;16.97258644104004;-5.590575981140137
2020-03-16;10.414911270141602;10.563695907592773;9.670989036560059;9.745381355285645;9.745381355285645;56282;-14.38;53.439999999999735;9.670989036560059;10.563695907592773;10.414911270141602;-0.14379086281639653;-0.05343508462317348;1.2614;16.429523134231566;-6.684141778945921
2020-03-17;10.042949676513672;10.340518951416016;9.150243759155273;9.22463607788086;9.22463607788086;43526;-5.34;48.09999999999974;9.150243759155273;10.340518951416016;10.042949676513672;-0.05343508462317348;-0.25;1.2618;15.879020643234252;-6.654384565353393
2020-03-18;8.480713844299316;8.480713844299316;6.844083786010742;6.9184770584106445;6.9184770584106445;86232;-25.0;23.09999999999974;6.844083786010742;8.480713844299316;8.480713844299316;-0.25;0.0430107371250783;1.4593;15.20205135345459;-8.283574295043945
2020-03-19;6.992868900299072;7.662398815155029;6.323338985443115;7.21604585647583;7.21604585647583;76540;4.3;27.39999999999974;6.323338985443115;7.662398815155029;6.992868900299072;0.0430107371250783;-0.12371136336828858;1.495;14.588315510749817;-7.372269654273987
2020-03-20;8.0343599319458;8.0343599319458;6.323338985443115;6.323338985443115;6.323338985443115;125712;-12.37;15.02999999999974;6.323338985443115;8.0343599319458;8.0343599319458;-0.12371136336828858;-0.11764698341445212;1.5143;13.937383556365967;-7.614044570922852
2020-03-23;6.323338985443115;6.695300102233887;5.281847953796387;5.5794172286987305;5.5794172286987305;48889;-11.76;3.2699999999997402;5.281847953796387;6.695300102233887;6.323338985443115;-0.11764698341445212;0.06666657550547872;1.5304;13.27529273033142;-7.69587550163269
2020-03-24;5.951377868652344;6.2489471435546875;5.802593231201172;5.951377868652344;5.951377868652344;106771;6.67;9.93999999999974;5.802593231201172;6.2489471435546875;5.951377868652344;0.06666657550547872;0.13749993590228438;1.5639;12.605762720108032;-6.6543848514556885
2020-03-25;6.2489471435546875;6.992868900299072;5.951377868652344;6.7696919441223145;6.7696919441223145;91380;13.75;23.689999999999742;5.951377868652344;6.992868900299072;6.2489471435546875;0.13749993590228438;0.21978030260181103;1.6917;12.070138621330262;-5.3004466772079475
2020-03-26;6.695300102233887;9.4478120803833;6.472123146057129;8.257536888122559;8.257536888122559;194052;21.98;45.669999999999746;6.472123146057129;9.4478120803833;6.695300102233887;0.21978030260181103;0.03603608181640228;1.9234;11.601467537879945;-3.343930649757386
2020-03-27;8.331929206848145;8.927066802978516;7.513615131378174;8.555106163024902;8.555106163024902;125268;3.6;49.26999999999975;7.513615131378174;8.927066802978516;8.331929206848145;0.03603608181640228;0.043478202709070324;1.9375;11.177431845664978;-2.622325682640076
2020-03-30;8.703889846801758;10.042949676513672;8.703889846801758;8.927066802978516;8.927066802978516;107564;4.35;53.61999999999975;8.703889846801758;10.042949676513672;8.703889846801758;0.043478202709070324;-0.08333333333333337;1.9161;10.705041193962098;-1.777974390983582
2020-03-31;8.778282165527344;9.001459121704102;8.183144569396973;8.183144569396973;8.183144569396973;66781;-8.33;45.28999999999975;8.183144569396973;9.001459121704102;8.778282165527344;-0.08333333333333337;-0.06363638694462392;1.9194;10.184295582771302;-2.0011510133743293
2020-04-01;7.736791133880615;8.108752250671387;7.4392218589782715;7.662398815155029;7.662398815155029;61471;-6.36;38.92999999999975;7.4392218589782715;8.108752250671387;7.736791133880615;-0.06363638694462392;-0.009708688321115821;1.9212;9.652391147613525;-1.9899923324584954
2020-04-02;8.108752250671387;8.555106163024902;7.364830017089844;7.588006973266602;7.588006973266602;45125;-0.97;37.95999999999975;7.364830017089844;8.555106163024902;8.108752250671387;-0.009708688321115821;-0.029411801671115345;1.919;9.180000495910644;-1.5919935226440423
2020-04-03;7.588006973266602;7.662398815155029;7.290438175201416;7.364830017089844;7.364830017089844;42383;-2.94;35.019999999999754;7.290438175201416;7.662398815155029;7.588006973266602;-0.029411801671115345;0.09090907913724222;1.9021;8.782002115249634;-1.4171720981597904
2020-04-06;7.959968090057373;8.257536888122559;7.588006973266602;8.0343599319458;8.0343599319458;45166;9.09;44.10999999999976;7.588006973266602;8.257536888122559;7.959968090057373;0.09090907913724222;0.01851854269804143;1.8355;8.569984245300294;-0.5356243133544929
2020-04-07;8.331929206848145;8.703889846801758;8.0343599319458;8.183144569396973;8.183144569396973;95883;1.85;45.95999999999976;8.0343599319458;8.703889846801758;8.331929206848145;0.01851854269804143;0.009090920745039144;1.7633;8.287293767929077;-0.10414919853210414
2020-04-08;8.183144569396973;8.257536888122559;7.811182975769043;8.257536888122559;8.257536888122559;36132;0.91;46.869999999999756;7.811182975769043;8.257536888122559;8.183144569396973;0.009090920745039144;-0.027027061362301597;1.758;8.052958250045776;0.20457863807678223
2020-04-09;8.183144569396973;8.629497528076172;7.811182975769043;8.0343599319458;8.0343599319458;70585;-2.7;44.16999999999975;7.811182975769043;8.629497528076172;8.183144569396973;-0.027027061362301597;0.1851853082809385;1.6808;7.907893419265747;0.1264665126800537
2020-04-13;8.108752250671387;9.81977367401123;7.959968090057373;9.522205352783203;9.522205352783203;146345;18.52;62.689999999999756;7.959968090057373;9.81977367401123;8.108752250671387;0.1851853082809385;0.3671873403816779;1.8115;7.8149031639099125;1.7073021888732907
2020-04-14;10.712479591369629;13.316207885742188;10.414911270141602;13.018638610839844;13.018638610839844;418860;36.72;99.40999999999976;10.414911270141602;13.316207885742188;10.712479591369629;0.3671873403816779;-0.07428566572842255;2.158;7.978566026687622;5.040072584152222
2020-04-15;11.67957878112793;12.795462608337402;11.084441184997559;12.05154037475586;12.05154037475586;192426;-7.43;91.97999999999976;11.084441184997559;12.795462608337402;11.67957878112793;-0.07428566572842255;-0.07407400959534871;2.1691;8.119911241531373;3.9316291332244866
2020-04-16;12.274717330932617;12.497894287109375;11.158834457397461;11.158834457397461;11.158834457397461;95561;-7.41;84.56999999999977;11.158834457397461;12.497894287109375;12.274717330932617;-0.07407400959534871;0.046666551575667015;1.956;8.331929111480713;2.8269053459167477
2020-04-17;11.67957878112793;12.200325012207031;11.158834457397461;11.67957878112793;11.67957878112793;56605;4.67;89.23999999999977;11.158834457397461;12.200325012207031;11.67957878112793;0.046666551575667015;-0.04458588220423643;1.9563;8.555105757713317;3.1244730234146125
2020-04-20;11.753972053527832;11.828364372253418;10.935656547546387;11.158834457397461;11.158834457397461;43216;-4.46;84.77999999999977;10.935656547546387;11.828364372253418;11.753972053527832;-0.04458588220423643;0.06666657550547872;1.8925;8.796880531311036;2.361953926086425
2020-04-22;11.382010459899902;12.200325012207031;11.307618141174316;11.902755737304688;11.902755737304688;164076;6.67;91.44999999999978;11.307618141174316;12.200325012207031;11.382010459899902;0.06666657550547872;-0.04374997596335661;1.8066;9.113047456741333;2.789708280563355
2020-04-23;12.200325012207031;12.944247245788574;11.23322582244873;11.382010459899902;11.382010459899902;193245;-4.37;87.07999999999977;11.23322582244873;12.944247245788574;12.200325012207031;-0.04374997596335661;-0.11111108318182394;1.8307;9.384579086303711;1.997431373596191
2020-04-24;11.530795097351074;11.530795097351074;9.894165992736816;10.117342948913574;10.117342948913574;90224;-11.11;75.96999999999977;9.894165992736816;11.530795097351074;11.530795097351074;-0.11111108318182394;0.12499996465199703;1.8649;9.551961636543274;0.5653813123703006
2020-04-27;10.414911270141602;11.382010459899902;10.414911270141602;11.382010459899902;11.382010459899902;94230;12.5;88.46999999999977;10.414911270141602;11.382010459899902;10.414911270141602;0.12499996465199703;0.019607867780743637;1.7618;9.708185315132141;1.6738251447677612
2020-04-28;11.977148056030273;12.349108695983887;11.456402778625488;11.60518741607666;11.60518741607666;67480;1.96;90.42999999999977;11.456402778625488;12.349108695983887;11.977148056030273;0.019607867780743637;0.02918188062852911;1.761;9.860689377784729;1.7444980382919315
2020-04-29;12.021913528442383;12.334171295166016;11.865784645080566;11.943848609924316;11.943848609924316;37123;2.92;93.34999999999977;11.865784645080566;12.334171295166016;12.021913528442383;0.02918188062852911;-0.006535913790709391;1.7592;10.011528468132019;1.9323201417922977
2020-04-30;12.021913528442383;12.09997844696045;11.397398948669434;11.865784645080566;11.865784645080566;27438;-0.65;92.69999999999976;11.397398948669434;12.09997844696045;12.021913528442383;-0.006535913790709391;-0.032894725738108366;1.7202;10.195660471916199;1.6701241731643677
2020-05-04;11.631591796875;11.631591796875;10.929012298583984;11.475462913513184;11.475462913513184;28976;-3.29;89.40999999999976;10.929012298583984;11.631591796875;11.631591796875;-0.032894725738108366;0.013605454049087973;1.7029;10.386313676834106;1.0891492366790771
2020-05-05;11.631591796875;11.865784645080566;11.475462913513184;11.631591796875;11.631591796875;18471;1.36;90.76999999999975;11.475462913513184;11.865784645080566;11.631591796875;0.013605454049087973;-0.020134204526373267;1.6985;10.588492918014527;1.043098878860473
2020-05-06;11.70965576171875;11.865784645080566;11.241270065307617;11.397398948669434;11.397398948669434;11785;-2.01;88.75999999999975;11.241270065307617;11.865784645080566;11.70965576171875;-0.020134204526373267;-0.08904112855794377;1.6948;10.790121364593507;0.607277584075927
2020-05-07;11.553526878356934;11.553526878356934;10.382561683654785;10.382561683654785;10.382561683654785;28950;-8.9;79.85999999999974;10.382561683654785;11.553526878356934;11.553526878356934;-0.08904112855794377;0.07518794368096349;1.7247;10.907531452178954;-0.5249697685241692
2020-05-08;10.538689613342285;11.553526878356934;10.538689613342285;11.16320514678955;11.16320514678955;51598;7.52;87.37999999999974;10.538689613342285;11.553526878356934;10.538689613342285;0.07518794368096349;-0.04195799416494972;1.7367;11.056534481048583;0.10667066574096751
2020-05-11;11.00707721710205;11.241270065307617;10.694819450378418;10.694819450378418;10.694819450378418;24402;-4.2;83.17999999999974;10.694819450378418;11.241270065307617;11.00707721710205;-0.04195799416494972;-0.014598641684466118;1.7506;11.178398609161377;-0.483579158782959
2020-05-12;10.929012298583984;11.16320514678955;10.460625648498535;10.538689613342285;10.538689613342285;23928;-1.46;81.71999999999974;10.460625648498535;11.16320514678955;10.929012298583984;-0.014598641684466118;-0.0148147383987699;1.7469;11.303615093231201;-0.764925479888916
2020-05-13;10.694819450378418;10.694819450378418;10.070303916931152;10.382561683654785;10.382561683654785;18548;-1.48;80.23999999999974;10.070303916931152;10.694819450378418;10.694819450378418;-0.0148147383987699;-0.037593971840481744;1.6349;11.34663290977478;-0.9640712261199944
2020-05-14;9.992239952087402;10.226432800292969;9.758047103881836;9.992239952087402;9.992239952087402;20867;-3.76;76.47999999999973;9.758047103881836;10.226432800292969;9.992239952087402;-0.037593971840481744;0.015625013421460165;0.9427;11.195312976837158;-1.2030730247497559
2020-05-15;10.382561683654785;10.460625648498535;9.992239952087402;10.148368835449219;10.148368835449219;12028;1.56;78.03999999999974;9.992239952087402;10.460625648498535;10.382561683654785;0.015625013421460165;0.030769162819405338;0.9169;11.100154399871826;-0.9517855644226074
2020-05-18;10.460625648498535;10.694819450378418;10.304496765136719;10.460625648498535;10.460625648498535;17985;3.08;81.11999999999973;10.304496765136719;10.694819450378418;10.460625648498535;0.030769162819405338;0.014925386741492463;0.8903;11.06524395942688;-0.6046183109283447
2020-05-19;10.694819450378418;10.929012298583984;10.460625648498535;10.616754531860352;10.616754531860352;12066;1.49;82.60999999999973;10.460625648498535;10.929012298583984;10.694819450378418;0.014925386741492463;0.007352992695064842;0.8744;11.012102746963501;-0.39534821510314977
2020-05-20;10.538689613342285;11.475462913513184;10.538689613342285;10.694819450378418;10.694819450378418;66329;0.74;83.34999999999972;10.538689613342285;11.475462913513184;10.538689613342285;0.007352992695064842;-0.05109488920917349;0.8612;10.98890199661255;-0.2940825462341312
2020-05-21;10.616754531860352;11.241270065307617;9.992239952087402;10.148368835449219;10.148368835449219;94972;-5.11;78.23999999999972;9.992239952087402;11.241270065307617;10.616754531860352;-0.05109488920917349;-0.023076989581007457;0.8402;10.901182651519775;-0.7528138160705566
2020-05-22;10.070303916931152;10.226432800292969;9.914175033569336;9.914175033569336;9.914175033569336;23262;-2.31;75.92999999999972;9.914175033569336;10.226432800292969;10.070303916931152;-0.023076989581007457;0.06299208735556383;0.8313;10.827790880203247;-0.9136158466339115
2020-05-25;10.148368835449219;10.694819450378418;10.148368835449219;10.538689613342285;10.538689613342285;58631;6.3;82.22999999999972;10.148368835449219;10.694819450378418;10.148368835449219;0.06299208735556383;-0.0148147383987699;0.7652;10.848858213424682;-0.3101686000823971
2020-05-26;10.694819450378418;10.929012298583984;10.304496765136719;10.382561683654785;10.382561683654785;42119;-1.48;80.74999999999972;10.304496765136719;10.929012298583984;10.694819450378418;-0.0148147383987699;0.007518757626708394;0.6163;10.798885774612426;-0.4163240909576409
2020-05-27;10.460625648498535;10.772884368896484;10.304496765136719;10.460625648498535;10.460625648498535;51419;0.75;81.49999999999972;10.304496765136719;10.772884368896484;10.460625648498535;0.007518757626708394;0.007462647786746324;0.6117;10.74165768623352;-0.28103203773498464
2020-05-28;10.382561683654785;10.616754531860352;10.382561683654785;10.538689613342285;10.538689613342285;20636;0.75;82.24999999999972;10.382561683654785;10.616754531860352;10.382561683654785;0.007462647786746324;-0.0148147383987699;0.6006;10.67139973640442;-0.13271012306213414
2020-05-29;10.538689613342285;10.538689613342285;10.382561683654785;10.382561683654785;10.382561683654785;18433;-1.48;80.76999999999971;10.382561683654785;10.538689613342285;10.538689613342285;-0.0148147383987699;0.007518757626708394;0.6015;10.59723858833313;-0.21467690467834544
2020-06-01;10.382561683654785;10.772884368896484;10.226432800292969;10.460625648498535;10.460625648498535;47281;0.75;81.51999999999971;10.226432800292969;10.772884368896484;10.382561683654785;0.007518757626708394;0.1791045497299102;0.5946;10.546496725082397;-0.08587107658386195
2020-06-02;10.772884368896484;12.490300178527832;10.694819450378418;12.334171295166016;12.334171295166016;183220;17.91;99.42999999999971;10.694819450378418;12.490300178527832;10.772884368896484;0.1791045497299102;-0.012658238614134176;0.8807;10.581625699996948;1.7525455951690674
2020-06-03;12.880621910095215;13.58320140838623;11.943848609924316;12.1780424118042;12.1780424118042;193609;-1.27;98.15999999999971;11.943848609924316;13.58320140838623;12.880621910095215;-0.012658238614134176;0.04487179436980138;0.8784;10.620657873153686;1.5573845386505134
2020-06-04;12.1780424118042;13.036750793457031;11.553526878356934;12.724493026733398;12.724493026733398;152579;4.49;102.64999999999971;11.553526878356934;13.036750793457031;12.1780424118042;0.04487179436980138;0.0674846832678313;0.8152;10.737754440307617;1.9867385864257816
2020-06-05;13.50513744354248;14.832230567932129;13.036750793457031;13.58320140838623;13.58320140838623;281831;6.75;109.39999999999971;13.036750793457031;14.832230567932129;13.50513744354248;0.0674846832678313;0.03448271746320075;0.8076;10.85875425338745;2.7244471549987797
2020-06-08;14.441908836364746;14.676101684570312;13.58320140838623;14.051587104797363;14.051587104797363;177994;3.45;112.84999999999971;13.58320140838623;14.676101684570312;14.441908836364746;0.03448271746320075;0.06666672548690777;0.7864;11.026592636108399;3.0249944686889645
2020-06-09;14.051587104797363;16.70577621459961;13.661266326904297;14.988360404968262;14.988360404968262;418411;6.67;119.51999999999971;13.661266326904297;16.70577621459961;14.051587104797363;0.06666672548690777;-0.0677083575251003;0.7989;11.249076175689698;3.7392842292785637
2020-06-10;15.847067832946777;15.847067832946777;13.973523139953613;13.973523139953613;13.973523139953613;145943;-6.77;112.74999999999972;13.973523139953613;15.847067832946777;15.847067832946777;-0.0677083575251003;-0.02234631953029087;0.849;11.428624248504638;2.544898891448975
2020-06-12;13.270943641662598;13.739330291748047;12.412235260009766;13.661266326904297;13.661266326904297;139333;-2.23;110.51999999999971;12.412235260009766;13.739330291748047;13.270943641662598;-0.02234631953029087;-0.011428580603420224;0.8378;11.612075567245483;2.0491907596588135
2020-06-15;12.880621910095215;13.50513744354248;12.724493026733398;13.50513744354248;13.50513744354248;54070;-1.14;109.37999999999971;12.724493026733398;13.50513744354248;12.880621910095215;-0.011428580603420224;-0.005780457438418041;0.8439;11.779913997650146;1.7252234458923343
2020-06-16;14.285780906677246;14.519973754882812;12.958685874938965;13.427071571350098;13.427071571350098;66880;-0.58;108.79999999999971;12.958685874938965;14.519973754882812;14.285780906677246;-0.005780457438418041;0.08720934733639196;0.8452;11.928236293792725;1.4988352775573723
2020-06-17;13.270943641662598;14.832230567932129;13.114814758300781;14.598037719726562;14.598037719726562;174509;8.72;117.51999999999971;13.114814758300781;14.832230567932129;13.270943641662598;0.08720934733639196;0.016042762232974406;0.8844;12.127300453186034;2.470737266540528
2020-06-18;14.598037719726562;15.612874984741211;14.20771598815918;14.832230567932129;14.832230567932129;179915;1.6;119.1199999999997;14.20771598815918;15.612874984741211;14.598037719726562;0.016042762232974406;-0.005263130483726952;0.8837;12.33417100906372;2.498059558868409
2020-06-19;15.066424369812012;15.222553253173828;14.12965202331543;14.754166603088379;14.754166603088379;106681;-0.53;118.5899999999997;14.12965202331543;15.222553253173828;15.066424369812012;-0.005263130483726952;-0.02645501722107979;0.8506;12.564460897445679;2.1897057056427
2020-06-22;14.676101684570312;15.534811019897461;14.363844871520996;14.363844871520996;14.363844871520996;241518;-2.65;115.9399999999997;14.363844871520996;15.534811019897461;14.676101684570312;-0.02645501722107979;0.048913052499196086;0.8529;12.786944389343262;1.5769004821777344
2020-06-23;14.754166603088379;16.081260681152344;14.519973754882812;15.066424369812012;15.066424369812012;612942;4.89;120.8299999999997;14.519973754882812;16.081260681152344;14.754166603088379;0.048913052499196086;-0.031088109467030334;0.8449;13.013331127166747;2.0530932426452644
2020-06-24;15.222553253173828;15.769003868103027;13.739330291748047;14.598037719726562;14.598037719726562;323348;-3.11;117.7199999999997;13.739330291748047;15.769003868103027;15.222553253173828;-0.031088109467030334;0.0643943432455627;0.8556;13.224104928970338;1.3739327907562249
2020-06-25;15.449785232543945;16.332630157470703;14.831792831420898;15.538068771362305;15.538068771362305;173235;6.44;124.1599999999997;14.831792831420898;16.332630157470703;15.449785232543945;0.0643943432455627;-0.03409091327567937;0.8696;13.477977085113526;2.0600916862487786
2020-06-26;15.714637756347656;15.714637756347656;14.92007827758789;15.00836181640625;15.00836181640625;70125;-3.41;120.7499999999997;14.92007827758789;15.714637756347656;15.714637756347656;-0.03409091327567937;0.0;0.8906;13.701460695266723;1.3069011211395267
2020-06-29;15.00836181640625;15.449785232543945;14.655223846435547;15.00836181640625;15.00836181640625;107651;0.0;120.7499999999997;14.655223846435547;15.449785232543945;15.00836181640625;0.0;-0.011764707377479144;0.8847;13.932750701904297;1.0756111145019531
2020-06-30;15.096647262573242;15.714637756347656;14.655223846435547;14.831792831420898;14.831792831420898;204112;-1.18;119.5699999999997;14.655223846435547;15.714637756347656;15.096647262573242;-0.011764707377479144;0.011904763435698351;0.8909;14.151309061050416;0.6804837703704827
2020-07-01;15.00836181640625;15.361499786376953;14.743509292602539;15.00836181640625;15.00836181640625;106281;1.19;120.75999999999969;14.743509292602539;15.361499786376953;15.00836181640625;0.011904763435698351;0.0;0.6603;14.285018587112427;0.7233432292938229
2020-07-02;15.273216247558594;15.802923202514648;14.92007827758789;15.00836181640625;15.00836181640625;195912;0.0;120.75999999999969;14.92007827758789;15.802923202514648;15.273216247558594;0.0;0.005882417231605208;0.6559;14.42653455734253;0.5818272590637203
2020-07-03;15.184930801391602;15.273216247558594;14.92007827758789;15.096647262573242;15.096647262573242;66546;0.59;121.3499999999997;14.92007827758789;15.273216247558594;15.184930801391602;0.005882417231605208;0.029239704757718643;0.6439;14.545142269134521;0.5515049934387211
2020-07-06;15.184930801391602;15.626354217529297;15.096647262573242;15.538068771362305;15.538068771362305;245184;2.92;124.2699999999997;15.096647262573242;15.626354217529297;15.184930801391602;0.029239704757718643;0.13068189560006882;0.6116;14.642885637283324;0.8951831340789802
2020-07-07;15.361499786376953;17.568613052368164;15.184930801391602;17.568613052368164;17.568613052368164;711948;13.07;137.3399999999997;15.184930801391602;17.568613052368164;15.361499786376953;0.13068189560006882;-0.050251259009188254;0.7481;14.818736934661866;2.7498761177062985
2020-07-08;17.656896591186523;18.186603546142578;16.332630157470703;16.685768127441406;16.685768127441406;713568;-5.03;132.3099999999997;16.332630157470703;18.186603546142578;17.656896591186523;-0.050251259009188254;0.0158729596252829;0.7504;14.903607320785522;1.7821608066558845
2020-07-09;16.950620651245117;17.03890609741211;16.15606117248535;16.950620651245117;16.950620651245117;206955;1.59;133.8999999999997;16.15606117248535;17.03890609741211;16.950620651245117;0.0158729596252829;0.005208390181306255;0.6977;15.052462196350097;1.8981584548950199
2020-07-10;17.03890609741211;17.568613052368164;16.774051666259766;17.03890609741211;17.03890609741211;248967;0.52;134.4199999999997;16.774051666259766;17.568613052368164;17.03890609741211;0.005208390181306255;-0.03626948805222352;0.6873;15.221344184875488;1.8175619125366218
2020-07-13;17.21547508239746;17.30375862121582;16.420913696289062;16.420913696289062;16.420913696289062;128958;-3.63;130.7899999999997;16.420913696289062;17.30375862121582;17.21547508239746;-0.03626948805222352;-0.021505378842013423;0.7039;15.367132997512817;1.0537806987762455
2020-07-14;16.332630157470703;16.509199142456055;15.714637756347656;16.06777572631836;16.06777572631836;130249;-2.15;128.6399999999997;15.714637756347656;16.509199142456055;16.332630157470703;-0.021505378842013423;0.0;0.711;15.499168205261231;0.5686075210571282
2020-07-15;16.24434471130371;16.509199142456055;15.802923202514648;16.06777572631836;16.06777572631836;93912;0.0;128.6399999999997;15.802923202514648;16.509199142456055;16.24434471130371;0.0;-0.01648345908699067;0.6501;15.57265510559082;0.4951206207275387
2020-07-16;15.891206741333008;16.06777572631836;15.714637756347656;15.802923202514648;15.802923202514648;42612;-1.65;126.9899999999997;15.714637756347656;16.06777572631836;15.891206741333008;-0.01648345908699067;0.011173185031820854;0.6534;15.621189737319947;0.1817334651947018
2020-07-17;15.802923202514648;16.24434471130371;15.714637756347656;15.9794921875;15.9794921875;71530;1.12;128.1099999999997;15.714637756347656;16.24434471130371;15.802923202514648;0.011173185031820854;-0.022099448832732405;0.6529;15.682456016540527;0.29703617095947266
2020-07-20;15.9794921875;16.15606117248535;15.449785232543945;15.626354217529297;15.626354217529297;98907;-2.21;125.89999999999971;15.449785232543945;16.15606117248535;15.9794921875;-0.022099448832732405;-0.02259887143570316;0.6503;15.745581483840942;-0.11922726631164515
2020-07-21;15.891206741333008;15.891206741333008;15.184930801391602;15.273216247558594;15.273216247558594;72402;-2.26;123.6399999999997;15.184930801391602;15.891206741333008;15.891206741333008;-0.02259887143570316;-0.028901798349660446;0.6356;15.75592107772827;-0.482704830169677
2020-07-22;15.273216247558594;15.361499786376953;14.302085876464844;14.831792831420898;14.831792831420898;101739;-2.89;120.7499999999997;14.302085876464844;15.361499786376953;15.273216247558594;-0.028901798349660446;-0.05952375287916323;0.6342;15.767608833312988;-0.9358160018920891
2020-07-23;14.655223846435547;14.92007827758789;13.772379875183105;13.948948860168457;13.948948860168457;153515;-5.95;114.7999999999997;13.772379875183105;14.92007827758789;14.655223846435547;-0.05952375287916323;0.06962025792441717;0.6237;15.688152837753297;-1.7392039775848396
2020-07-24;13.68409538269043;14.92007827758789;13.419241905212402;14.92007827758789;14.92007827758789;113802;6.96;121.75999999999969;13.419241905212402;14.92007827758789;13.68409538269043;0.06962025792441717;-0.005917224060386417;0.666;15.683738660812377;-0.7636603832244866
2020-07-27;14.92007827758789;15.273216247558594;14.302085876464844;14.831792831420898;14.831792831420898;118016;-0.59;121.16999999999969;14.302085876464844;15.273216247558594;14.92007827758789;-0.005917224060386417;-0.03571429030709483;0.6664;15.67491021156311;-0.8431173801422123
2020-07-28;14.831792831420898;15.00836181640625;14.302085876464844;14.302085876464844;14.302085876464844;77782;-3.57;117.5999999999997;14.302085876464844;15.00836181640625;14.831792831420898;-0.03571429030709483;0.02469136131756966;0.6775;15.648424863815308;-1.3463389873504639
2020-07-29;14.566940307617188;15.00836181640625;14.213802337646484;14.655223846435547;14.655223846435547;129841;2.47;120.0699999999997;14.213802337646484;15.00836181640625;14.566940307617188;0.02469136131756966;-0.012048194339132956;0.6822;15.630767965316773;-0.9755441188812259
2020-07-30;14.655223846435547;14.743509292602539;14.302085876464844;14.478654861450195;14.478654861450195;40052;-1.2;118.86999999999969;14.302085876464844;14.743509292602539;14.655223846435547;-0.012048194339132956;-0.02439024711549287;0.6834;15.60428261756897;-1.1256277561187744
2020-07-31;14.655223846435547;14.655223846435547;14.125516891479492;14.125516891479492;14.125516891479492;68279;-2.44;116.4299999999997;14.125516891479492;14.655223846435547;14.655223846435547;-0.02439024711549287;-0.049999939237134416;0.6879;15.555726099014283;-1.4302092075347907
2020-08-03;14.125516891479492;14.390371322631836;13.419241905212402;13.419241905212402;13.419241905212402;63148;-5.0;111.4299999999997;13.419241905212402;14.390371322631836;14.125516891479492;-0.049999939237134416;-0.006578947835971571;0.6969;15.449784755706787;-2.0305428504943848
2020-08-04;13.419241905212402;13.68409538269043;13.0661039352417;13.330957412719727;13.330957412719727;72674;-0.66;110.7699999999997;13.0661039352417;13.68409538269043;13.419241905212402;-0.006578947835971571;0.026490068120220478;0.4731;15.237901973724366;-1.9069445610046394
2020-08-05;13.330957412719727;13.948948860168457;13.24267292022705;13.68409538269043;13.68409538269043;120179;2.65;113.4199999999997;13.24267292022705;13.948948860168457;13.330957412719727;0.026490068120220478;-0.019354840058558143;0.472;15.087818336486816;-1.403722953796386
2020-08-06;13.860664367675781;13.860664367675781;13.24267292022705;13.419241905212402;13.419241905212402;35374;-1.94;111.4799999999997;13.24267292022705;13.860664367675781;13.860664367675781;-0.019354840058558143;-0.013157895671943032;0.4634;14.91124939918518;-1.4920074939727783
2020-08-07;13.419241905212402;13.507526397705078;13.24267292022705;13.24267292022705;13.24267292022705;45387;-1.32;110.15999999999971;13.24267292022705;13.507526397705078;13.419241905212402;-0.013157895671943032;-0.013333334293536558;0.4594;14.721437740325928;-1.4787648200988777
2020-08-10;13.330957412719727;13.330957412719727;12.889534950256348;13.0661039352417;13.0661039352417;58605;-1.33;108.82999999999971;12.889534950256348;13.330957412719727;13.330957412719727;-0.013333334293536558;0.006756757249921863;0.4505;14.55369725227356;-1.4875933170318607
2020-08-11;13.0661039352417;13.330957412719727;12.889534950256348;13.154388427734375;13.154388427734375;49872;0.68;109.50999999999972;12.889534950256348;13.330957412719727;13.0661039352417;0.006756757249921863;-0.013422819765081417;0.4529;14.40802788734436;-1.2536394596099854
2020-08-12;13.24267292022705;13.419241905212402;12.889534950256348;12.977819442749023;12.977819442749023;37617;-1.34;108.16999999999972;12.889534950256348;13.419241905212402;13.24267292022705;-0.013422819765081417;0.0;0.4517;14.253530073165894;-1.2757106304168708
2020-08-13;12.977819442749023;13.0661039352417;12.712965965270996;12.977819442749023;12.977819442749023;34207;0.0;108.16999999999972;12.712965965270996;13.0661039352417;12.977819442749023;0.0;0.0408163295299977;0.4524;14.112274885177612;-1.1344554424285889
2020-08-14;12.889534950256348;13.595810890197754;12.536396980285645;13.507526397705078;13.507526397705078;77578;4.08;112.24999999999972;12.536396980285645;13.595810890197754;12.889534950256348;0.0408163295299977;-0.032679740869384966;0.4816;13.988676595687867;-0.4811501979827888
2020-08-17;13.595810890197754;14.478654861450195;12.889534950256348;13.0661039352417;13.0661039352417;252569;-3.27;108.97999999999972;12.889534950256348;14.478654861450195;13.595810890197754;-0.032679740869384966;0.05405405799937424;0.4872;13.860664081573486;-0.7945601463317864
2020-08-18;13.0661039352417;13.860664367675781;13.0661039352417;13.772379875183105;13.772379875183105;81984;5.41;114.38999999999972;13.0661039352417;13.860664367675781;13.0661039352417;0.05405405799937424;-0.02564102741654939;0.5316;13.785622262954712;-0.0132423877716068
2020-08-19;13.860664367675781;14.037233352661133;13.24267292022705;13.419241905212402;13.419241905212402;51288;-2.56;111.82999999999971;13.24267292022705;14.037233352661133;13.860664367675781;-0.02564102741654939;-0.019736843507914603;0.5298;13.714994716644288;-0.2957528114318855
2020-08-20;13.154388427734375;13.419241905212402;12.62468147277832;13.154388427734375;13.154388427734375;106394;-1.97;109.85999999999972;12.62468147277832;13.419241905212402;13.154388427734375;-0.019736843507914603;0.013422819765081417;0.4924;13.675266695022582;-0.5208782672882073
2020-08-21;13.154388427734375;13.595810890197754;13.0661039352417;13.330957412719727;13.330957412719727;110019;1.34;111.19999999999972;13.0661039352417;13.595810890197754;13.154388427734375;0.013422819765081417;-0.01986755109016536;0.4181;13.595810651779175;-0.26485323905944824
2020-08-24;13.24267292022705;13.507526397705078;13.0661039352417;13.0661039352417;13.0661039352417;62808;-1.99;109.20999999999972;13.0661039352417;13.507526397705078;13.24267292022705;-0.01986755109016536;-0.006756757249921752;0.4213;13.507526206970216;-0.44142227172851634
2020-08-25;13.0661039352417;13.330957412719727;12.889534950256348;12.977819442749023;12.977819442749023;77975;-0.68;108.52999999999972;12.889534950256348;13.330957412719727;13.0661039352417;-0.006756757249921752;-0.03401360794166475;0.4065;13.441312885284423;-0.46349344253540004
2020-08-26;12.977819442749023;13.154388427734375;11.741835594177246;12.536396980285645;12.536396980285645;119828;-3.4;105.12999999999971;11.741835594177246;13.154388427734375;12.977819442749023;-0.03401360794166475;-0.03521134635668166;0.4039;13.33537154197693;-0.7989745616912849
2020-08-27;12.801250457763672;12.801250457763672;12.00669002532959;12.09497356414795;12.09497356414795;87116;-3.52;101.60999999999972;12.00669002532959;12.801250457763672;12.801250457763672;-0.03521134635668166;0.029197084896281034;0.4156;13.216187477111816;-1.1212139129638672
2020-08-28;12.09497356414795;12.448111534118652;12.00669002532959;12.448111534118652;12.448111534118652;69547;2.92;104.52999999999972;12.00669002532959;12.448111534118652;12.09497356414795;0.029197084896281034;-0.021276522392797093;0.4318;13.132317209243775;-0.6842056751251224
2020-08-31;12.536396980285645;12.536396980285645;12.183259010314941;12.183259010314941;12.183259010314941;29461;-2.13;102.39999999999972;12.183259010314941;12.536396980285645;12.536396980285645;-0.021276522392797093;-0.0072464556562612525;0.4041;13.070518064498902;-0.8872590541839607
2020-09-01;12.09497356414795;12.2715425491333;11.918404579162598;12.09497356414795;12.09497356414795;66602;-0.72;101.67999999999972;11.918404579162598;12.2715425491333;12.09497356414795;-0.0072464556562612525;-0.014598542448140517;0.4042;13.008718872070313;-0.9137453079223636
2020-09-02;12.09497356414795;12.183259010314941;11.741835594177246;11.918404579162598;11.918404579162598;49249;-1.46;100.21999999999973;11.741835594177246;12.183259010314941;12.09497356414795;-0.014598542448140517;-0.04444445155706167;0.3883;12.92043433189392;-1.0020297527313229
2020-09-03;11.830121040344238;12.00669002532959;11.300414085388184;11.388697624206543;11.388697624206543;84963;-4.44;95.77999999999973;11.300414085388184;12.00669002532959;11.830121040344238;-0.04444445155706167;-0.023255734109646542;0.4089;12.818907117843628;-1.4302094936370846
2020-09-04;11.388697624206543;11.565266609191895;10.858990669250488;11.123845100402832;11.123845100402832;115546;-2.33;93.44999999999973;10.858990669250488;11.565266609191895;11.388697624206543;-0.023255734109646542;0.04761905170154446;0.4122;12.712965726852417;-1.589120626449585
2020-09-08;11.123845100402832;11.741835594177246;10.94727611541748;11.653552055358887;11.653552055358887;65424;4.76;98.20999999999974;10.94727611541748;11.741835594177246;11.123845100402832;0.04761905170154446;-0.007575840031228465;0.4568;12.642338132858276;-0.9887860774993893
2020-09-09;11.565266609191895;11.918404579162598;11.300414085388184;11.565266609191895;11.565266609191895;63793;-0.76;97.44999999999973;11.300414085388184;11.918404579162598;11.565266609191895;-0.007575840031228465;-0.03816786276576001;0.4546;12.562882041931152;-0.9976154327392575
2020-09-10;11.388697624206543;11.388697624206543;11.123845100402832;11.123845100402832;11.123845100402832;42589;-3.82;93.62999999999974;11.123845100402832;11.388697624206543;11.388697624206543;-0.03816786276576001;-0.007936594349358117;0.4683;12.470183324813842;-1.34633822441101
2020-09-11;11.300414085388184;11.565266609191895;10.94727611541748;11.03555965423584;11.03555965423584;79107;-0.79;92.83999999999973;10.94727611541748;11.565266609191895;11.300414085388184;-0.007936594349358117;0.008000087800993816;0.4675;12.373070335388183;-1.3375106811523434
2020-09-14;11.123845100402832;11.300414085388184;10.770707130432129;11.123845100402832;11.123845100402832;52659;0.8;93.63999999999973;10.770707130432129;11.300414085388184;11.123845100402832;0.008000087800993816;-0.015873017233848152;0.4358;12.253886270523072;-1.13004117012024
2020-09-15;11.03555965423584;11.212128639221191;10.94727611541748;10.94727611541748;10.94727611541748;22880;-1.59;92.04999999999973;10.94727611541748;11.212128639221191;11.03555965423584;-0.015873017233848152;0.008064429716359012;0.4278;12.14794487953186;-1.2006687641143792
2020-09-16;10.94727611541748;11.212128639221191;10.858990669250488;11.03555965423584;11.03555965423584;30503;0.81;92.85999999999973;10.858990669250488;11.212128639221191;10.94727611541748;0.008064429716359012;-0.007999914964391786;0.3653;12.011103868484497;-0.9755442142486572
2020-09-17;11.03555965423584;11.03555965423584;10.858990669250488;10.94727611541748;10.94727611541748;25938;-0.8;92.05999999999973;10.858990669250488;11.03555965423584;11.03555965423584;-0.007999914964391786;-0.032258067326297324;0.3611;11.887505578994752;-0.9402294635772712
2020-09-18;10.858990669250488;10.94727611541748;10.417569160461426;10.594138145446777;10.594138145446777;44130;-3.23;88.82999999999973;10.417569160461426;10.94727611541748;10.858990669250488;-0.032258067326297324;-0.058333338584444894;0.3683;11.75949306488037;-1.165354919433593
2020-09-21;10.417569160461426;10.417569160461426;9.976146697998047;9.976146697998047;9.976146697998047;48241;-5.83;82.99999999999973;9.976146697998047;10.417569160461426;10.417569160461426;-0.058333338584444894;0.017699116736202836;0.3936;11.591752529144287;-1.6156058311462402
2020-09-22;9.976146697998047;10.682421684265137;9.976146697998047;10.152715682983398;10.152715682983398;86980;1.77;84.76999999999973;9.976146697998047;10.682421684265137;9.976146697998047;0.017699116736202836;-0.03478261196288446;0.4086;11.446083116531373;-1.2933674335479743
2020-09-23;10.064431190490723;10.241000175476074;9.71129322052002;9.799577713012695;9.799577713012695;43337;-3.48;81.28999999999972;9.71129322052002;10.241000175476074;10.064431190490723;-0.03478261196288446;0.06306306920022786;0.4157;11.287171030044556;-1.4875933170318607
2020-09-24;9.799577713012695;10.505853652954102;9.799577713012695;10.417569160461426;10.417569160461426;126658;6.31;87.59999999999972;9.799577713012695;10.505853652954102;9.799577713012695;0.06306306920022786;0.04237279369014635;0.4889;11.181229639053345;-0.7636604785919197
2020-09-25;10.32928466796875;11.03555965423584;10.064431190490723;10.858990669250488;10.858990669250488;196852;4.24;91.83999999999972;10.064431190490723;11.03555965423584;10.32928466796875;0.04237279369014635;-0.03252024309187118;0.5104;11.119430494308471;-0.2604398250579827
2020-09-28;11.03555965423584;11.300414085388184;10.417569160461426;10.505853652954102;10.505853652954102;98511;-3.25;88.58999999999972;10.417569160461426;11.300414085388184;11.03555965423584;-0.03252024309187118;-0.03361344842942926;0.5026;11.022317600250243;-0.5164639472961419
2020-09-29;10.32928466796875;10.594138145446777;10.064431190490723;10.152715682983398;10.152715682983398;41774;-3.36;85.22999999999972;10.064431190490723;10.594138145446777;10.32928466796875;-0.03361344842942926;0.0;0.5088;10.920790433883667;-0.7680747509002686
2020-09-30;10.064431190490723;10.32928466796875;10.064431190490723;10.152715682983398;10.152715682983398;26584;0.0;85.22999999999972;10.064431190490723;10.32928466796875;10.064431190490723;0.0;0.026086958972163288;0.5098;10.82367753982544;-0.670961856842041
2020-10-01;10.152715682983398;10.417569160461426;10.064431190490723;10.417569160461426;10.417569160461426;42227;2.61;87.83999999999972;10.064431190490723;10.417569160461426;10.152715682983398;0.026086958972163288;-0.02542373114096952;0.5233;10.74863576889038;-0.3310666084289551
2020-10-02;10.241000175476074;10.594138145446777;10.152715682983398;10.152715682983398;10.152715682983398;71054;-2.54;85.29999999999971;10.152715682983398;10.594138145446777;10.241000175476074;-0.02542373114096952;0.00869565299072117;0.509;10.686836671829223;-0.5341209888458245
2020-10-05;10.32928466796875;10.32928466796875;10.152715682983398;10.241000175476074;10.241000175476074;25712;0.87;86.16999999999972;10.152715682983398;10.32928466796875;10.32928466796875;0.00869565299072117;-0.017241380915916538;0.5066;10.642694425582885;-0.4016942501068108
2020-10-06;10.32928466796875;10.32928466796875;10.064431190490723;10.064431190490723;10.064431190490723;37039;-1.72;84.44999999999972;10.064431190490723;10.32928466796875;10.32928466796875;-0.017241380915916538;-0.017543861311524633;0.4706;10.563238382339478;-0.4988071918487549
2020-10-07;10.064431190490723;10.152715682983398;9.887862205505371;9.887862205505371;9.887862205505371;29019;-1.75;82.69999999999972;9.887862205505371;10.152715682983398;10.064431190490723;-0.017543861311524633;0.04464286144861562;0.4721;10.47936816215515;-0.5915059566497796
2020-10-08;10.32928466796875;10.94727611541748;10.241000175476074;10.32928466796875;10.32928466796875;180178;4.46;87.15999999999971;10.241000175476074;10.94727611541748;10.32928466796875;0.04464286144861562;0.008547009336130174;0.4916;10.439640140533447;-0.11035547256469691
2020-10-09;10.32928466796875;10.505853652954102;10.241000175476074;10.417569160461426;10.417569160461426;52002;0.85;88.0099999999997;10.241000175476074;10.505853652954102;10.32928466796875;0.008547009336130174;-0.00847457704698984;0.493;10.408740615844726;0.008828544616699574
2020-10-13;10.417569160461426;10.594138145446777;10.241000175476074;10.32928466796875;10.32928466796875;66999;-0.85;87.15999999999971;10.241000175476074;10.594138145446777;10.417569160461426;-0.00847457704698984;0.06837598236180464;0.4919;10.369012594223022;-0.03972792625427246
2020-10-14;10.32928466796875;11.918404579162598;10.32928466796875;11.03555965423584;11.03555965423584;400557;6.84;93.99999999999972;10.32928466796875;11.918404579162598;10.32928466796875;0.06837598236180464;0.0;0.5506;10.37342677116394;0.6621328830718998
2020-10-15;10.770707130432129;11.741835594177246;10.505853652954102;11.03555965423584;11.03555965423584;172804;0.0;93.99999999999972;10.505853652954102;11.741835594177246;10.770707130432129;0.0;0.008000087800993816;0.55;10.37342677116394;0.6621328830718998
2020-10-16;11.123845100402832;11.565266609191895;11.03555965423584;11.123845100402832;11.123845100402832;91159;0.8;94.79999999999971;11.03555965423584;11.565266609191895;11.123845100402832;0.008000087800993816;-0.007936594349358117;0.5496;10.382255220413208;0.7415898799896237
2020-10-19;11.388697624206543;11.476983070373535;10.94727611541748;11.03555965423584;11.03555965423584;56533;-0.79;94.0099999999997;10.94727611541748;11.476983070373535;11.388697624206543;-0.007936594349358117;0.12000010715869336;0.5365;10.40432629585266;0.6312333583831791
2020-10-20;11.03555965423584;12.359827995300293;11.03555965423584;12.359827995300293;12.359827995300293;116872;12.0;106.0099999999997;11.03555965423584;12.359827995300293;11.03555965423584;0.12000010715869336;-0.06428579640513787;0.6328;10.523510360717774;1.8363176345825192
2020-10-21;12.712965965270996;12.801250457763672;11.565266609191895;11.565266609191895;11.565266609191895;186488;-6.43;99.5799999999997;11.565266609191895;12.801250457763672;12.712965965270996;-0.06428579640513787;-0.00763350658498374;0.6867;10.594137907028198;0.9711287021636963
2020-10-22;11.565266609191895;11.741835594177246;11.388697624206543;11.476983070373535;11.476983070373535;65606;-0.76;98.8199999999997;11.388697624206543;11.741835594177246;11.565266609191895;-0.00763350658498374;0.007692225236983541;0.6712;10.67800817489624;0.7989748954772953
2020-10-23;11.653552055358887;12.09497356414795;11.565266609191895;11.565266609191895;11.565266609191895;117597;0.77;99.58999999999969;11.565266609191895;12.09497356414795;11.653552055358887;0.007692225236983541;-0.030534356180776157;0.6398;10.735393047332764;0.8298735618591309
2020-10-26;11.565266609191895;11.741835594177246;11.123845100402832;11.212128639221191;11.212128639221191;49272;-3.05;96.5399999999997;11.123845100402832;11.741835594177246;11.565266609191895;-0.030534356180776157;-0.015748034175035674;0.6371;10.753049945831298;0.45907869338989293
2020-10-27;11.388697624206543;11.476983070373535;10.858990669250488;11.03555965423584;11.03555965423584;48966;-1.57;94.9699999999997;10.858990669250488;11.476983070373535;11.388697624206543;-0.015748034175035674;-0.0719999260259343;0.6277;10.779535245895385;0.2560244083404548
2020-10-28;10.770707130432129;10.770707130432129;10.241000175476074;10.241000175476074;10.241000175476074;74157;-7.2;87.7699999999997;10.241000175476074;10.770707130432129;10.770707130432129;-0.0719999260259343;0.0;0.6708;10.78394947052002;-0.542949295043945
2020-10-29;10.32928466796875;10.505853652954102;9.446439743041992;10.241000175476074;10.241000175476074;94784;0.0;87.7699999999997;9.446439743041992;10.505853652954102;10.32928466796875;0.0;-0.017241380915916538;0.6708;10.788363695144653;-0.5473635196685791
2020-10-30;10.241000175476074;10.32928466796875;9.887862205505371;10.064431190490723;10.064431190490723;40278;-1.72;86.0499999999997;9.887862205505371;10.32928466796875;10.241000175476074;-0.017241380915916538;0.017543861311524633;0.6672;10.770706796646119;-0.7062756061553959
2020-11-03;10.064431190490723;10.32928466796875;10.064431190490723;10.241000175476074;10.241000175476074;28623;1.75;87.7999999999997;10.064431190490723;10.32928466796875;10.064431190490723;0.017543861311524633;0.034482761831833075;0.6637;10.775121021270753;-0.5341208457946784
2020-11-04;10.241000175476074;10.682421684265137;10.152715682983398;10.594138145446777;10.594138145446777;62785;3.45;91.2499999999997;10.152715682983398;10.682421684265137;10.241000175476074;0.034482761831833075;0.0;0.6737;10.792777919769287;-0.19863977432251012
2020-11-05;10.505853652954102;11.123845100402832;10.417569160461426;10.594138145446777;10.594138145446777;110755;0.0;91.2499999999997;10.417569160461426;11.123845100402832;10.505853652954102;0.0;0.0;0.6698;10.81926326751709;-0.2251251220703132
2020-11-06;10.594138145446777;10.770707130432129;10.32928466796875;10.594138145446777;10.594138145446777;43303;0.0;91.2499999999997;10.32928466796875;10.770707130432129;10.594138145446777;0.0;0.024999912231420174;0.6654;10.85457706451416;-0.2604389190673828
2020-11-09;10.858990669250488;11.300414085388184;10.770707130432129;10.858990669250488;10.858990669250488;72107;2.5;93.7499999999997;10.770707130432129;11.300414085388184;10.858990669250488;0.024999912231420174;0.0;0.6531;10.881062364578247;-0.022071695327758434
2020-11-10;10.94727611541748;11.03555965423584;10.682421684265137;10.858990669250488;10.858990669250488;71224;0.0;93.7499999999997;10.682421684265137;11.03555965423584;10.94727611541748;0.0;-0.01626016545767406;0.6529;10.903133440017701;-0.044142770767212625
2020-11-11;10.858990669250488;10.94727611541748;10.682421684265137;10.682421684265137;10.682421684265137;32112;-1.63;92.1199999999997;10.682421684265137;10.94727611541748;10.858990669250488;-0.01626016545767406;-0.008264375010433977;0.6553;10.92079029083252;-0.23836860656738246
2020-11-12;10.682421684265137;10.858990669250488;10.505853652954102;10.594138145446777;10.594138145446777;39644;-0.83;91.28999999999971;10.505853652954102;10.858990669250488;10.682421684265137;-0.008264375010433977;-0.008333334083492128;0.6078;10.898719215393067;-0.3045810699462894
2020-11-13;10.682421684265137;10.682421684265137;10.32928466796875;10.505853652954102;10.505853652954102;36608;-0.83;90.45999999999971;10.32928466796875;10.682421684265137;10.682421684265137;-0.008333334083492128;0.00840336210735737;0.6083;10.87223391532898;-0.36638026237487864
2020-11-16;10.417569160461426;10.770707130432129;10.417569160461426;10.594138145446777;10.594138145446777;41864;0.84;91.29999999999971;10.417569160461426;10.770707130432129;10.417569160461426;0.00840336210735737;0.016666668166984255;0.6084;10.845748567581177;-0.25161042213439977
2020-11-17;10.594138145446777;10.94727611541748;10.505853652954102;10.770707130432129;10.770707130432129;73002;1.67;92.96999999999971;10.505853652954102;10.94727611541748;10.594138145446777;0.016666668166984255;0.008196633493906758;0.6113;10.832505941390991;-0.061798810958862305
2020-11-18;10.858990669250488;11.212128639221191;10.770707130432129;10.858990669250488;10.858990669250488;54822;0.82;93.78999999999971;10.770707130432129;11.212128639221191;10.858990669250488;0.008196633493906758;-0.00812999490536015;0.4169;10.757464075088501;0.10152659416198695
2020-11-19;10.858990669250488;10.94727611541748;10.682421684265137;10.770707130432129;10.770707130432129;46825;-0.81;92.9799999999997;10.682421684265137;10.94727611541748;10.858990669250488;-0.00812999490536015;0.0;0.3562;10.717736101150512;0.052971029281616566
2020-11-23;10.858990669250488;11.03555965423584;10.770707130432129;10.770707130432129;10.770707130432129;37617;0.0;92.9799999999997;10.770707130432129;11.03555965423584;10.858990669250488;0.0;0.0;0.356;10.682422304153443;0.08828482627868617
2020-11-24;10.770707130432129;10.94727611541748;10.770707130432129;10.770707130432129;10.770707130432129;60418;0.0;92.9799999999997;10.770707130432129;10.94727611541748;10.770707130432129;0.0;0.05737696571734929;0.354;10.642694330215454;0.12801280021667516
2020-11-25;10.858990669250488;11.830121040344238;10.770707130432129;11.388697624206543;11.388697624206543;177913;5.74;98.7199999999997;10.770707130432129;11.830121040344238;10.858990669250488;0.05737696571734929;0.023255901586973327;0.399;10.651522779464722;0.7371748447418209
2020-11-26;11.388697624206543;12.00669002532959;11.388697624206543;11.653552055358887;11.653552055358887;102770;2.33;101.0499999999997;11.388697624206543;12.00669002532959;11.388697624206543;0.023255901586973327;-0.015151516391447073;0.4012;10.682422399520874;0.9711296558380127
2020-11-27;11.741835594177246;11.741835594177246;11.388697624206543;11.476983070373535;11.476983070373535;40097;-1.52;99.5299999999997;11.388697624206543;11.741835594177246;11.741835594177246;-0.015151516391447073;-0.046153849988977536;0.2975;10.744221544265747;0.7327615261077884
2020-11-30;11.388697624206543;11.476983070373535;10.770707130432129;10.94727611541748;10.94727611541748;79991;-4.62;94.9099999999997;10.770707130432129;11.476983070373535;11.388697624206543;-0.046153849988977536;0.024193463379507563;0.3501;10.779535341262818;0.16774077415466238
2020-12-01;11.03555965423584;11.388697624206543;11.03555965423584;11.212128639221191;11.212128639221191;48819;2.42;97.3299999999997;11.03555965423584;11.388697624206543;11.03555965423584;0.024193463379507563;0.03149606835007135;0.3483;10.83692021369934;0.3752084255218513
2020-12-02;11.300414085388184;11.653552055358887;11.212128639221191;11.565266609191895;11.565266609191895;76298;3.15;100.4799999999997;11.212128639221191;11.653552055358887;11.300414085388184;0.03149606835007135;0.0076336715054043935;0.358;10.903133535385132;0.6621330738067623
2020-12-03;11.653552055358887;11.918404579162598;11.565266609191895;11.653552055358887;11.653552055358887;79606;0.76;101.23999999999971;11.565266609191895;11.918404579162598;11.653552055358887;0.0076336715054043935;0.0;0.3424;10.956104230880737;0.6974478244781501
2020-12-04;11.653552055358887;12.448111534118652;11.565266609191895;11.653552055358887;11.653552055358887;186544;0.0;101.23999999999971;11.565266609191895;12.448111534118652;11.653552055358887;0.0;0.0;0.3424;11.009074926376343;0.644477128982544
2020-12-07;11.653552055358887;11.918404579162598;11.476983070373535;11.653552055358887;11.653552055358887;79889;0.0;101.23999999999971;11.476983070373535;11.918404579162598;11.653552055358887;0.0;-0.015151516391447073;0.3424;11.062045621871949;0.5915064334869378
2020-12-08;11.565266609191895;11.741835594177246;11.388697624206543;11.476983070373535;11.476983070373535;59670;-1.52;99.71999999999971;11.388697624206543;11.741835594177246;11.565266609191895;-0.015151516391447073;0.015384616662992512;0.3409;11.092945241928101;0.3840378284454342
2020-12-09;11.565266609191895;12.00669002532959;11.388697624206543;11.653552055358887;11.653552055358887;79232;1.54;101.25999999999972;11.388697624206543;12.00669002532959;11.565266609191895;0.015384616662992512;-0.015151516391447073;0.3435;11.132673311233521;0.5208787441253655
2020-12-10;11.741835594177246;11.741835594177246;11.388697624206543;11.476983070373535;11.476983070373535;52931;-1.52;99.73999999999972;11.388697624206543;11.741835594177246;11.741835594177246;-0.015151516391447073;0.0;0.3427;11.17240138053894;0.30458168983459544
2020-12-11;11.476983070373535;11.565266609191895;11.388697624206543;11.476983070373535;11.476983070373535;42057;0.0;99.73999999999972;11.388697624206543;11.565266609191895;11.476983070373535;0.0;0.0;0.34;11.216543626785278;0.26043944358825755
2020-12-14;11.565266609191895;11.653552055358887;11.388697624206543;11.476983070373535;11.476983070373535;38840;0.0;99.73999999999972;11.388697624206543;11.653552055358887;11.565266609191895;0.0;0.0;0.3372;11.26510009765625;0.2118829727172855
2020-12-15;11.476983070373535;11.565266609191895;11.388697624206543;11.476983070373535;11.476983070373535;42227;0.0;99.73999999999972;11.388697624206543;11.565266609191895;11.476983070373535;0.0;-0.007692391426009082;0.3373;11.309242343902588;0.16774072647094762
2020-12-16;11.476983070373535;11.565266609191895;11.300414085388184;11.388697624206543;11.388697624206543;51424;-0.77;98.96999999999973;11.300414085388184;11.565266609191895;11.476983070373535;-0.007692391426009082;0.0;0.3365;11.340141868591308;0.04855575561523473
2020-12-17;11.476983070373535;11.565266609191895;11.300414085388184;11.388697624206543;11.388697624206543;31285;0.0;98.96999999999973;11.300414085388184;11.565266609191895;11.476983070373535;0.0;0.007752023021433407;0.3361;11.366627216339111;0.02207040786743164
2020-12-18;11.476983070373535;11.565266609191895;11.300414085388184;11.476983070373535;11.476983070373535;48978;0.78;99.74999999999973;11.300414085388184;11.565266609191895;11.476983070373535;0.007752023021433407;0.0;0.3341;11.401941013336181;0.07504205703735423
2020-12-21;11.388697624206543;11.476983070373535;11.03555965423584;11.476983070373535;11.476983070373535;39293;0.0;99.74999999999973;11.03555965423584;11.476983070373535;11.388697624206543;0.0;-0.030769233325985024;0.3341;11.437254810333252;0.03972826004028285
2020-12-22;11.300414085388184;11.388697624206543;11.123845100402832;11.123845100402832;11.123845100402832;24613;-3.08;96.66999999999973;11.123845100402832;11.388697624206543;11.300414085388184;-0.030769233325985024;0.015873017233848152;0.3554;11.454911708831787;-0.3310666084289551
2020-12-23;11.300414085388184;11.918404579162598;11.123845100402832;11.300414085388184;11.300414085388184;73546;1.59;98.25999999999974;11.123845100402832;11.918404579162598;11.300414085388184;0.015873017233848152;0.0;0.2947;11.45049753189087;-0.1500834465026859
2020-12-28;11.476983070373535;11.653552055358887;11.123845100402832;11.300414085388184;11.300414085388184;64337;0.0;98.25999999999974;11.123845100402832;11.653552055358887;11.476983070373535;0.0;0.0;0.2814;11.432840633392335;-0.1324265480041511
2020-12-29;11.388697624206543;11.388697624206543;11.212128639221191;11.300414085388184;11.300414085388184;37786;0.0;98.25999999999974;11.212128639221191;11.388697624206543;11.388697624206543;0.0;0.0;0.2767;11.424012184143066;-0.12359809875488281
2020-12-30;11.212128639221191;11.388697624206543;11.123845100402832;11.300414085388184;11.300414085388184;35091;0.0;98.25999999999974;11.123845100402832;11.388697624206543;11.212128639221191;0.0;-0.01562500131863853;0.2183;11.441669082641601;-0.1412549972534176
2021-01-04;11.388697624206543;11.388697624206543;11.03555965423584;11.123845100402832;11.123845100402832;44130;-1.56;96.69999999999973;11.03555965423584;11.388697624206543;11.388697624206543;-0.01562500131863853;0.015873017233848152;0.2094;11.437254905700684;-0.31340980529785156
2021-01-05;11.123845100402832;11.300414085388184;11.03555965423584;11.300414085388184;11.300414085388184;24647;1.59;98.28999999999974;11.03555965423584;11.300414085388184;11.123845100402832;0.015873017233848152;-0.023437586370822383;0.1837;11.424012279510498;-0.1235981941223141
2021-01-06;11.212128639221191;11.300414085388184;11.03555965423584;11.03555965423584;11.03555965423584;27320;-2.34;95.94999999999973;11.03555965423584;11.300414085388184;11.212128639221191;-0.023437586370822383;0.008000087800993816;0.1968;11.393112659454346;-0.35755300521850586
2021-01-07;11.03555965423584;11.212128639221191;10.94727611541748;11.123845100402832;11.123845100402832;26924;0.8;96.74999999999973;10.94727611541748;11.212128639221191;11.03555965423584;0.008000087800993816;0.04761905170154446;0.2002;11.366627311706543;-0.24278221130371058
2021-01-08;11.123845100402832;11.830121040344238;11.03555965423584;11.653552055358887;11.653552055358887;136445;4.76;101.50999999999974;11.03555965423584;11.830121040344238;11.123845100402832;0.04761905170154446;-0.030303032782894035;0.2674;11.366627311706543;0.2869247436523441
2021-01-11;11.653552055358887;11.653552055358887;11.212128639221191;11.300414085388184;11.300414085388184;49181;-3.03;98.47999999999973;11.212128639221191;11.653552055358887;11.653552055358887;-0.030303032782894035;-0.007812585052183851;0.2838;11.357798862457276;-0.05738477706909251
2021-01-12;11.388697624206543;11.918404579162598;11.03555965423584;11.212128639221191;11.212128639221191;213038;-0.78;97.69999999999973;11.03555965423584;11.918404579162598;11.388697624206543;-0.007812585052183851;0.0;0.2783;11.33572769165039;-0.12359905242919922
2021-01-13;11.212128639221191;11.388697624206543;11.123845100402832;11.212128639221191;11.212128639221191;45987;0.0;97.69999999999973;11.123845100402832;11.388697624206543;11.212128639221191;0.0;0.0;0.2738;11.322484970092773;-0.11035633087158203
2021-01-14;11.123845100402832;11.300414085388184;11.123845100402832;11.212128639221191;11.212128639221191;31364;0.0;97.69999999999973;11.123845100402832;11.300414085388184;11.123845100402832;0.0;-0.0078739320301352;0.2738;11.309242248535156;-0.09711360931396484
2021-01-15;11.212128639221191;11.212128639221191;10.94727611541748;11.123845100402832;11.123845100402832;50801;-0.79;96.90999999999973;10.94727611541748;11.212128639221191;11.212128639221191;-0.0078739320301352;0.007936422884490035;0.2749;11.291585350036621;-0.16774024963378942
2021-01-18;11.212128639221191;11.300414085388184;11.123845100402832;11.212128639221191;11.212128639221191;32508;0.79;97.69999999999973;11.123845100402832;11.300414085388184;11.212128639221191;0.007936422884490035;-0.03937000038020655;0.2768;11.278342628479004;-0.06621398925781286
2021-01-19;11.300414085388184;11.476983070373535;10.241000175476074;10.770707130432129;10.770707130432129;117800;-3.94;93.75999999999974;10.241000175476074;11.476983070373535;11.300414085388184;-0.03937000038020655;-0.016393444074480845;0.308;11.247443103790284;-0.47673597335815465
2021-01-20;10.770707130432129;10.94727611541748;10.594138145446777;10.594138145446777;10.594138145446777;41400;-1.64;92.11999999999973;10.594138145446777;10.94727611541748;10.770707130432129;-0.016393444074480845;0.0;0.3117;11.207715129852295;-0.6135769844055172
2021-01-21;10.594138145446777;11.123845100402832;10.505853652954102;10.594138145446777;10.594138145446777;57609;0.0;92.11999999999973;10.505853652954102;11.123845100402832;10.594138145446777;0.0;-0.016666668166984255;0.3092;11.163572883605957;-0.5694347381591793
2021-01-22;10.594138145446777;10.594138145446777;10.32928466796875;10.417569160461426;10.417569160461426;41592;-1.67;90.44999999999973;10.32928466796875;10.594138145446777;10.594138145446777;-0.016666668166984255;-0.03389830818795947;0.3121;11.110602188110352;-0.6930330276489265
2021-01-26;10.417569160461426;10.594138145446777;10.064431190490723;10.064431190490723;10.064431190490723;54958;-3.39;87.05999999999973;10.064431190490723;10.594138145446777;10.417569160461426;-0.03389830818795947;0.008771930655762317;0.3158;11.057631492614746;-0.9932003021240234
2021-01-27;10.152715682983398;10.241000175476074;9.623008728027344;10.152715682983398;10.152715682983398;49340;0.88;87.93999999999973;9.623008728027344;10.241000175476074;10.152715682983398;0.008771930655762317;0.01739130598144234;0.3106;11.000246572494508;-0.8475308895111091
2021-01-28;10.241000175476074;10.505853652954102;10.152715682983398;10.32928466796875;10.32928466796875;44198;1.74;89.67999999999972;10.152715682983398;10.505853652954102;10.241000175476074;0.01739130598144234;-0.025641028008390743;0.3204;10.951690101623536;-0.6224054336547855
2021-01-29;10.32928466796875;10.417569160461426;10.064431190490723;10.064431190490723;10.064431190490723;30730;-2.56;87.11999999999972;10.064431190490723;10.417569160461426;10.32928466796875;-0.025641028008390743;0.13157886507953287;0.3286;10.889890956878663;-0.8254597663879402
2021-02-01;10.32928466796875;11.653552055358887;10.064431190490723;11.388697624206543;11.388697624206543;337386;13.16;100.27999999999972;10.064431190490723;11.653552055358887;10.32928466796875;0.13157886507953287;-0.02634192254759815;0.5879;10.89430513381958;0.49439249038696254
2021-02-02;11.532244682312012;12.15321159362793;10.911277770996094;11.08869743347168;11.08869743347168;183790;-2.63;97.64999999999972;10.911277770996094;12.15321159362793;11.532244682312012;-0.02634192254759815;-0.024000068115309636;0.5931;10.892547750473023;0.19614968299865687
2021-02-03;11.177406311035156;11.177406311035156;10.556439399719238;10.8225679397583;10.8225679397583;132871;-2.4;95.24999999999972;10.556439399719238;11.177406311035156;11.177406311035156;-0.024000068115309636;-0.024590147321819966;0.5962;10.868655443191528;-0.04608750343322754
2021-02-04;10.911277770996094;10.911277770996094;10.556439399719238;10.556439399719238;10.556439399719238;50344;-2.46;92.78999999999972;10.556439399719238;10.911277770996094;10.911277770996094;-0.024590147321819966;0.008403385637789196;0.5968;10.844699430465699;-0.28826003074646067
2021-02-05;10.8225679397583;10.8225679397583;10.556439399719238;10.645149230957031;10.645149230957031;39533;0.84;93.62999999999973;10.556439399719238;10.8225679397583;10.8225679397583;0.008403385637789196;-0.02500007167015106;0.5969;10.820764636993408;-0.1756154060363766
2021-02-08;10.556439399719238;10.733858108520508;10.379019737243652;10.379019737243652;10.379019737243652;26885;-2.5;91.12999999999973;10.379019737243652;10.733858108520508;10.556439399719238;-0.02500007167015106;0.02564110103369499;0.5727;10.757038021087647;-0.3780182838439945
2021-02-09;10.467729568481445;10.645149230957031;10.379019737243652;10.645149230957031;10.645149230957031;26874;2.56;93.68999999999973;10.379019737243652;10.645149230957031;10.467729568481445;0.02564110103369499;-0.033333428893534744;0.5746;10.72427477836609;-0.07912554740905797
2021-02-10;10.645149230957031;10.911277770996094;10.29030990600586;10.29030990600586;10.29030990600586;71390;-3.33;90.35999999999973;10.29030990600586;10.911277770996094;10.645149230957031;-0.033333428893534744;0.02586214566366496;0.5849;10.678183841705323;-0.3878739356994636
2021-02-11;10.29030990600586;10.556439399719238;10.29030990600586;10.556439399719238;10.556439399719238;26231;2.59;92.94999999999973;10.29030990600586;10.556439399719238;10.29030990600586;0.02586214566366496;-0.016806771275578503;0.5941;10.645399379730225;-0.08895998001098704
2021-02-12;10.556439399719238;10.556439399719238;10.379019737243652;10.379019737243652;10.379019737243652;16086;-1.68;91.26999999999973;10.379019737243652;10.556439399719238;10.556439399719238;-0.016806771275578503;0.01709406735579666;0.5962;10.603743934631348;-0.22472419738769567
2021-02-17;10.467729568481445;10.556439399719238;10.29030990600586;10.556439399719238;10.556439399719238;11588;1.71;92.97999999999972;10.29030990600586;10.556439399719238;10.467729568481445;0.01709406735579666;-0.0252101569133677;0.6002;10.575373649597168;-0.018934249877929688
2021-02-18;10.645149230957031;10.645149230957031;10.29030990600586;10.29030990600586;10.29030990600586;19332;-2.52;90.45999999999972;10.29030990600586;10.645149230957031;10.645149230957031;-0.0252101569133677;0.0;0.6045;10.529282712936402;-0.23897280693054235
2021-02-19;10.29030990600586;10.467729568481445;10.201601028442383;10.29030990600586;10.29030990600586;24439;0.0;90.45999999999972;10.201601028442383;10.467729568481445;10.29030990600586;0.0;-0.05172410597347288;0.5896;10.505262851715088;-0.21495294570922852
2021-02-22;10.29030990600586;10.29030990600586;9.669342994689941;9.758052825927734;9.758052825927734;106459;-5.17;85.28999999999972;9.669342994689941;10.29030990600586;10.29030990600586;-0.05172410597347288;0.018181773758167985;0.6141;10.463458585739136;-0.7054057598114021
2021-02-23;9.935471534729004;10.11289119720459;9.758052825927734;9.935471534729004;9.935471534729004;44617;1.82;87.10999999999972;9.758052825927734;10.11289119720459;9.935471534729004;0.018181773758167985;0.0;0.6188;10.430525255203246;-0.49505372047424245
2021-02-24;10.024182319641113;10.11289119720459;9.846762657165527;9.935471534729004;9.935471534729004;16311;0.0;87.10999999999972;9.846762657165527;10.11289119720459;10.024182319641113;0.0;-0.05357130001765198;0.6166;10.406420373916626;-0.4709488391876224
2021-02-25;9.935471534729004;10.024182319641113;9.314504623413086;9.403215408325195;9.403215408325195;88569;-5.36;81.74999999999972;9.314504623413086;10.024182319641113;9.935471534729004;-0.05357130001765198;-0.047169843851705306;0.634;10.37335958480835;-0.9701441764831547
2021-02-26;9.403215408325195;9.580634117126465;8.870957374572754;8.959667205810547;8.959667205810547;70048;-4.72;77.02999999999972;8.870957374572754;9.580634117126465;9.403215408325195;-0.047169843851705306;-0.039604074213945184;0.6514;10.313707160949708;-1.3540399551391609
2021-03-01;9.048376083374023;9.314504623413086;8.516119003295898;8.604827880859375;8.604827880859375;112873;-3.96;73.06999999999972;8.516119003295898;9.314504623413086;9.048376083374023;-0.039604074213945184;-0.030927705940141048;0.6563;10.227484321594238;-1.622656440734863
2021-03-02;8.693537712097168;8.693537712097168;7.983860969543457;8.338700294494629;8.338700294494629;62653;-3.09;69.97999999999972;7.983860969543457;8.693537712097168;8.693537712097168;-0.030927705940141048;0.0;0.6584;10.141197776794433;-1.8024974822998043
2021-03-03;8.604827880859375;8.604827880859375;8.07257080078125;8.338700294494629;8.338700294494629;50851;0.0;69.97999999999972;8.07257080078125;8.604827880859375;8.604827880859375;0.0;-0.010638328289165222;0.4031;9.988697910308838;-1.6499976158142093
2021-03-04;8.338700294494629;8.516119003295898;8.249990463256836;8.249990463256836;8.249990463256836;27776;-1.06;68.91999999999972;8.249990463256836;8.516119003295898;8.338700294494629;-0.010638328289165222;0.0;0.4012;9.846762561798096;-1.5967720985412601
2021-03-05;8.249990463256836;8.427409172058105;8.161280632019043;8.249990463256836;8.249990463256836;38214;0.0;68.91999999999972;8.161280632019043;8.427409172058105;8.249990463256836;0.0;-0.03225815773953267;0.4026;9.718133687973022;-1.4681432247161865
2021-03-08;8.338700294494629;8.338700294494629;7.983860969543457;7.983860969543457;7.983860969543457;59215;-3.23;65.68999999999971;7.983860969543457;8.338700294494629;8.338700294494629;-0.03225815773953267;0.0;0.4063;9.589504766464234;-1.605643796920777
2021-03-09;8.07257080078125;8.161280632019043;7.8951520919799805;7.983860969543457;7.983860969543457;25149;0.0;65.68999999999971;7.8951520919799805;8.161280632019043;8.07257080078125;0.0;0.011111144291740649;0.4014;9.456440353393555;-1.472579383850098
2021-03-10;7.983860969543457;8.427409172058105;7.983860969543457;8.07257080078125;8.07257080078125;47762;1.11;66.79999999999971;7.983860969543457;8.427409172058105;7.983860969543457;0.011111144291740649;0.06593402439116591;0.4086;9.341117906570435;-1.2685471057891853
2021-03-11;8.161280632019043;8.870957374572754;8.07257080078125;8.604827880859375;8.604827880859375;113899;6.59;73.38999999999972;8.07257080078125;8.870957374572754;8.161280632019043;0.06593402439116591;0.06185574437071528;0.4773;9.239101839065551;-0.634273958206176
2021-03-12;8.693537712097168;9.403215408325195;8.693537712097168;9.137085914611816;9.137085914611816;103314;6.19;79.57999999999971;8.693537712097168;9.403215408325195;8.693537712097168;0.06185574437071528;0.009708766237595645;0.5324;9.18144063949585;-0.044354724884033914
2021-03-15;9.314504623413086;9.403215408325195;8.959667205810547;9.22579574584961;9.22579574584961;39285;0.97;80.54999999999971;8.959667205810547;9.403215408325195;9.314504623413086;0.009708766237595645;-0.019230824891760867;0.5229;9.114908456802368;0.11088728904724121
2021-03-16;9.137085914611816;9.314504623413086;8.959667205810547;9.048376083374023;9.048376083374023;52350;-1.92;78.62999999999971;8.959667205810547;9.314504623413086;9.137085914611816;-0.019230824891760867;0.019607901002433703;0.5236;9.048376274108886;-1.9073486257070726e-07
2021-03-17;9.137085914611816;9.403215408325195;8.959667205810547;9.22579574584961;9.22579574584961;45632;1.96;80.5899999999997;8.959667205810547;9.403215408325195;9.137085914611816;0.019607901002433703;-0.028846133967228238;0.5251;8.981844091415406;0.24395165443420375
2021-03-18;9.22579574584961;9.403215408325195;8.959667205810547;8.959667205810547;8.959667205810547;43185;-2.88;77.70999999999971;8.959667205810547;9.403215408325195;9.22579574584961;-0.028846133967228238;0.009900912112667193;0.527;8.91531195640564;0.04435524940490687
2021-03-19;9.137085914611816;9.314504623413086;9.048376083374023;9.048376083374023;9.048376083374023;25679;0.99;78.6999999999997;9.048376083374023;9.314504623413086;9.137085914611816;0.009900912112667193;-0.009803845103926956;0.5298;8.853215265274049;0.19516081809997488
2021-03-22;9.048376083374023;9.314504623413086;8.959667205810547;8.959667205810547;8.959667205810547;22635;-0.98;77.7199999999997;8.959667205810547;9.314504623413086;9.048376083374023;-0.009803845103926956;-0.009901018553486352;0.5019;8.813295984268189;0.14637122154235804
2021-03-23;8.959667205810547;9.048376083374023;8.782247543334961;8.870957374572754;8.870957374572754;28756;-0.99;76.7299999999997;8.782247543334961;9.048376083374023;8.959667205810547;-0.009901018553486352;0.0;0.4954;8.760070276260375;0.11088709831237864
2021-03-24;8.870957374572754;9.048376083374023;8.693537712097168;8.870957374572754;8.870957374572754;45102;0.0;76.7299999999997;8.693537712097168;9.048376083374023;8.870957374572754;0.0;0.0;0.4954;8.706844568252563;0.16411280632019043
2021-03-25;8.959667205810547;9.048376083374023;8.693537712097168;8.870957374572754;8.870957374572754;37154;0.0;76.7299999999997;8.693537712097168;9.048376083374023;8.959667205810547;0.0;0.11999991829602497;0.4613;8.680231666564941;0.19072570800781286
2021-03-26;8.870957374572754;10.645149230957031;8.782247543334961;9.935471534729004;9.935471534729004;304476;12.0;88.7299999999997;8.782247543334961;10.645149230957031;8.870957374572754;0.11999991829602497;0.008928693983171865;0.6057;8.729021883010864;1.20644965171814
2021-03-29;10.024182319641113;10.556439399719238;9.846762657165527;10.024182319641113;10.024182319641113;134731;0.89;89.6199999999997;9.846762657165527;10.556439399719238;10.024182319641113;0.008928693983171865;0.05309730640425747;0.5815;8.799989604949952;1.2241927146911618
2021-03-30;10.024182319641113;10.99998664855957;10.024182319641113;10.556439399719238;10.556439399719238;152441;5.31;94.92999999999971;10.024182319641113;10.99998664855957;10.024182319641113;0.05309730640425747;-0.042016837848417476;0.5828;8.910876560211182;1.645562839508056
2021-03-31;10.467729568481445;10.733858108520508;10.024182319641113;10.11289119720459;10.11289119720459;140762;-4.2;90.7299999999997;10.024182319641113;10.733858108520508;10.467729568481445;-0.042016837848417476;0.01754381663379423;0.613;8.99958610534668;1.1133050918579102
2021-04-01;10.201601028442383;10.29030990600586;10.024182319641113;10.29030990600586;10.29030990600586;50456;1.75;92.4799999999997;10.024182319641113;10.29030990600586;10.201601028442383;0.01754381663379423;0.0;0.6084;9.10160207748413;1.1887078285217285
2021-04-05;10.29030990600586;10.556439399719238;10.201601028442383;10.29030990600586;10.29030990600586;70071;0.0;92.4799999999997;10.201601028442383;10.556439399719238;10.29030990600586;0.0;0.008620715221221653;0.6084;9.203618049621582;1.0866918563842773
2021-04-06;10.379019737243652;10.467729568481445;10.29030990600586;10.379019737243652;10.379019737243652;28215;0.86;93.3399999999997;10.29030990600586;10.467729568481445;10.379019737243652;0.008620715221221653;-0.017093975470980904;0.586;9.323375988006593;1.0556437492370598
2021-04-07;10.379019737243652;10.379019737243652;10.11289119720459;10.201601028442383;10.201601028442383;60658;-1.71;91.62999999999971;10.11289119720459;10.379019737243652;10.379019737243652;-0.017093975470980904;-0.008695677373626642;0.5945;9.434262990951538;0.7673380374908447
2021-04-08;10.29030990600586;10.29030990600586;10.11289119720459;10.11289119720459;10.11289119720459;49645;-0.87;90.7599999999997;10.11289119720459;10.29030990600586;10.29030990600586;-0.008695677373626642;-0.01754391093662988;0.5994;9.536279010772706;0.576612186431884
2021-04-09;10.11289119720459;10.11289119720459;9.758052825927734;9.935471534729004;9.935471534729004;92267;-1.75;89.0099999999997;9.758052825927734;10.11289119720459;10.11289119720459;-0.01754391093662988;0.017857195992703856;0.5724;9.602811193466186;0.33266034126281774
2021-04-12;10.024182319641113;10.201601028442383;9.935471534729004;10.11289119720459;10.11289119720459;65956;1.79;90.79999999999971;9.935471534729004;10.201601028442383;10.024182319641113;0.017857195992703856;-0.01754391093662988;0.5375;9.651601457595826;0.4612897396087643
2021-04-13;10.024182319641113;10.11289119720459;9.935471534729004;9.935471534729004;9.935471534729004;42746;-1.75;89.04999999999971;9.935471534729004;10.11289119720459;10.024182319641113;-0.01754391093662988;0.026785793989055673;0.5434;9.687085247039795;0.24838628768920934
2021-04-14;10.11289119720459;10.8225679397583;10.11289119720459;10.201601028442383;10.201601028442383;239680;2.68;91.72999999999972;10.11289119720459;10.8225679397583;10.11289119720459;0.026785793989055673;0.008695583890818037;0.5416;9.744746494293214;0.4568545341491692
2021-04-15;10.29030990600586;10.556439399719238;10.201601028442383;10.29030990600586;10.29030990600586;105490;0.87;92.59999999999972;10.201601028442383;10.556439399719238;10.29030990600586;0.008695583890818037;0.0;0.5395;9.797972202301025;0.492337703704834
2021-04-16;10.467729568481445;10.467729568481445;10.11289119720459;10.29030990600586;10.29030990600586;64885;0.0;92.59999999999972;10.11289119720459;10.467729568481445;10.467729568481445;0.0;0.0;0.5243;9.864504337310791;0.42580556869506836
2021-04-19;10.29030990600586;10.379019737243652;10.201601028442383;10.29030990600586;10.29030990600586;39601;0.0;92.59999999999972;10.201601028442383;10.379019737243652;10.29030990600586;0.0;-0.008620622544293077;0.5249;9.926601028442382;0.3637088775634769
2021-04-20;10.29030990600586;10.379019737243652;10.201601028442383;10.201601028442383;10.201601028442383;60500;-0.86;91.73999999999972;10.201601028442383;10.379019737243652;10.29030990600586;-0.008620622544293077;0.01739126126444468;0.5244;9.988697719573974;0.2129033088684089
2021-04-22;10.29030990600586;10.556439399719238;10.11289119720459;10.379019737243652;10.379019737243652;91579;1.74;93.47999999999972;10.11289119720459;10.556439399719238;10.29030990600586;0.01739126126444468;0.06837617753837089;0.5217;10.06410083770752;0.31491889953613317
2021-04-23;10.379019737243652;11.887083053588867;10.379019737243652;11.08869743347168;11.08869743347168;720722;6.84;100.31999999999972;10.379019737243652;11.887083053588867;10.379019737243652;0.06837617753837089;0.0;0.562;10.174987840652467;0.9137095928192132
2021-04-26;11.08869743347168;11.443534851074219;10.8225679397583;11.08869743347168;11.08869743347168;165551;0.0;100.31999999999972;10.8225679397583;11.443534851074219;11.08869743347168;0.0;0.3839998857864506;0.562;10.285874843597412;0.8028225898742676
2021-04-27;11.26611614227295;15.346755981445312;11.26611614227295;15.346755981445312;15.346755981445312;1624807;38.4;138.71999999999971;11.26611614227295;15.346755981445312;11.26611614227295;0.3839998857864506;-0.1329479923242507;1.3971;10.556439065933228;4.790316915512085
2021-04-28;15.346755981445312;15.346755981445312;12.86288833618164;13.306435585021973;13.306435585021973;944475;-13.29;125.42999999999972;12.86288833618164;15.346755981445312;15.346755981445312;-0.1329479923242507;-0.06666664755462504;1.5053;10.72055172920227;2.585883855819702
2021-04-29;13.306435585021973;13.483855247497559;12.241921424865723;12.419340133666992;12.419340133666992;474120;-6.67;118.75999999999972;12.241921424865723;13.483855247497559;13.306435585021973;-0.06666664755462504;0.0;1.528;10.813696765899659;1.6056433677673336
2021-04-30;12.508049964904785;13.483855247497559;12.241921424865723;12.419340133666992;12.419340133666992;568292;0.0;118.75999999999972;12.241921424865723;13.483855247497559;12.508049964904785;0.0;0.09285718344585292;1.5156;10.929019212722778;1.4903209209442139
2021-05-03;12.685468673706055;14.637080192565918;12.508049964904785;13.572565078735352;13.572565078735352;825119;9.29;128.04999999999973;12.508049964904785;14.637080192565918;12.685468673706055;0.09285718344585292;0.045751625261227113;1.5413;11.093131971359252;2.4794331073760993
2021-05-04;14.01611328125;15.080628395080566;13.661273956298828;14.19353199005127;14.19353199005127;881268;4.58;132.62999999999974;13.661273956298828;15.080628395080566;14.01611328125;0.045751625261227113;-0.006250018057518902;1.5428;11.288293075561523;2.905238914489747
2021-05-05;14.19353199005127;14.725789070129395;13.661273956298828;14.104822158813477;14.104822158813477;336897;-0.63;131.99999999999974;13.661273956298828;14.725789070129395;14.19353199005127;-0.006250018057518902;-0.03144656469401108;1.5452;11.474583196640015;2.630238962173461
2021-05-06;14.104822158813477;14.370950698852539;12.86288833618164;13.661273956298828;13.661273956298828;598063;-3.14;128.85999999999976;12.86288833618164;14.370950698852539;14.104822158813477;-0.03144656469401108;0.012987051064427435;1.5505;11.647566843032838;2.0137071132659905
2021-05-07;13.749983787536621;14.19353199005127;13.749983787536621;13.838693618774414;13.838693618774414;232567;1.3;130.15999999999977;13.749983787536621;14.19353199005127;13.749983787536621;0.012987051064427435;0.17307694163058684;1.5473;11.833856964111328;2.0048366546630856
2021-05-10;14.01611328125;17.29836654663086;13.927403450012207;16.23385238647461;16.23385238647461;1609341;17.31;147.46999999999977;13.927403450012207;17.29836654663086;14.01611328125;0.17307694163058684;0.20218572814641944;1.6321;12.148776006698608;4.085076379776002
2021-05-11;15.96772289276123;20.31449317932129;15.524175643920898;19.51610565185547;19.51610565185547;1960419;20.22;167.68999999999977;15.524175643920898;20.31449317932129;15.96772289276123;0.20218572814641944;0.2045455167385648;1.7425;12.618936729431152;6.897168922424317
2021-05-12;19.87094497680664;26.87900161743164;19.51610565185547;23.508037567138672;23.508037567138672;2969036;20.45;188.13999999999976;19.51610565185547;26.87900161743164;19.87094497680664;0.2045455167385648;-0.09056605518774796;1.8243;13.297565031051636;10.210472536087035
2021-05-13;24.838680267333984;26.87900161743164;21.024169921875;21.37900733947754;21.37900733947754;1948887;-9.06;179.07999999999976;21.024169921875;26.87900161743164;24.838680267333984;-0.09056605518774796;0.07053940057760189;1.8901;13.856435346603394;7.522571992874145
2021-05-14;22.5322322845459;23.95158576965332;21.6451358795166;22.887069702148438;22.887069702148438;1451207;7.05;186.12999999999977;21.6451358795166;23.95158576965332;22.5322322845459;0.07053940057760189;0.01937985981984447;1.8877;14.486273336410523;8.400796365737914
2021-05-17;23.59674644470215;24.483842849731445;22.975780487060547;23.330617904663086;23.330617904663086;953662;1.94;188.06999999999977;22.975780487060547;24.483842849731445;23.59674644470215;0.01937985981984447;-0.13688211777619008;1.8825;15.138288736343384;8.192329168319702
2021-05-18;21.822555541992188;22.08868408203125;19.693525314331055;20.137073516845703;20.137073516845703;1735832;-13.69;174.37999999999977;19.693525314331055;22.08868408203125;21.822555541992188;-0.13688211777619008;-0.039647549553280204;1.9883;15.630626916885376;4.506446599960327
2021-05-19;19.249977111816406;21.112878799438477;18.80643081665039;19.338687896728516;19.338687896728516;1028941;-3.96;170.41999999999976;18.80643081665039;21.112878799438477;19.249977111816406;-0.039647549553280204;0.21100918607497632;2.0016;16.087481260299683;3.251206636428833
2021-05-20;19.78223419189453;23.685457229614258;19.072559356689453;23.419328689575195;23.419328689575195;1832924;21.1;191.51999999999975;19.072559356689453;23.685457229614258;19.78223419189453;0.21100918607497632;0.0454545121368104;2.0895;16.73949670791626;6.6798319816589355
2021-05-21;24.838680267333984;26.16932487487793;23.95158576965332;24.483842849731445;24.483842849731445;2491422;4.55;196.06999999999977;23.95158576965332;26.16932487487793;24.838680267333984;0.0454545121368104;0.02925022504038255;2.0882;17.409253978729247;7.074588871002199
2021-05-24;24.700000762939453;27.700000762939453;24.700000762939453;25.200000762939453;25.200000762939453;969460;2.93;198.99999999999977;24.700000762939453;27.700000762939453;24.700000762939453;0.02925022504038255;-0.007936537971601432;2.0819;18.114819145202638;7.085181617736815
2021-05-25;26.299999237060547;26.700000762939453;24.200000762939453;25.0;25.0;690460;-0.79;198.20999999999978;24.200000762939453;26.700000762939453;26.299999237060547;-0.007936537971601432;-0.0319999694824219;1.6705;18.597481346130373;6.4025186538696275
2021-05-26;25.5;25.799999237060547;23.100000381469727;24.200000762939453;24.200000762939453;792490;-3.2;195.0099999999998;23.100000381469727;25.799999237060547;25.5;-0.0319999694824219;-0.028925650449212137;1.5758;19.142159605026244;5.057841157913209
2021-05-27;24.600000381469727;24.700000762939453;23.200000762939453;23.5;23.5;488810;-2.89;192.1199999999998;23.200000762939453;24.700000762939453;24.600000381469727;-0.028925650449212137;0.08085104759703299;1.5491;19.696192598342897;3.803807401657103
2021-05-28;23.299999237060547;26.799999237060547;22.5;25.399999618530273;25.399999618530273;1580410;8.09;200.2099999999998;22.5;26.799999237060547;23.299999237060547;0.08085104759703299;-0.03149603342816265;1.5503;20.34522557258606;5.054774045944214
2021-05-31;25.399999618530273;26.100000381469727;24.299999237060547;24.600000381469727;24.600000381469727;667980;-3.15;197.0599999999998;24.299999237060547;26.100000381469727;25.399999618530273;-0.03149603342816265;-0.02845531512539068;1.5576;20.896597337722778;3.703403043746949
2021-06-01;25.0;25.100000381469727;23.600000381469727;23.899999618530273;23.899999618530273;594760;-2.85;194.2099999999998;23.600000381469727;25.100000381469727;25.0;-0.02845531512539068;0.03347285176477244;1.5727;21.381920719146727;2.5180788993835463
2021-06-02;24.100000381469727;25.700000762939453;23.799999237060547;24.700000762939453;24.700000762939453;929460;3.35;197.5599999999998;23.799999237060547;25.700000762939453;24.100000381469727;0.03347285176477244;-0.020242914354489105;1.5666;21.911679649353026;2.788321113586427
2021-06-04;24.899999618530273;25.100000381469727;24.0;24.200000762939453;24.200000762939453;442000;-2.02;195.5399999999998;24.0;25.100000381469727;24.899999618530273;-0.020242914354489105;-0.012396741113686605;1.561;22.438615989685058;1.7613847732543952
2021-06-07;24.299999237060547;24.700000762939453;23.799999237060547;23.899999618530273;23.899999618530273;343110;-1.24;194.29999999999978;23.799999237060547;24.700000762939453;24.299999237060547;-0.012396741113686605;-0.050209157939083426;1.568;22.94168128967285;0.9583183288574233
2021-06-08;23.899999618530273;24.0;22.700000762939453;22.700000762939453;22.700000762939453;342020;-5.02;189.27999999999977;22.700000762939453;24.0;23.899999618530273;-0.050209157939083426;0.00881052197660459;1.5005;23.264988708496094;-0.5649879455566413
2021-06-09;22.899999618530273;24.0;22.799999237060547;22.899999618530273;22.899999618530273;400040;0.88;190.15999999999977;22.799999237060547;24.0;22.899999618530273;0.00881052197660459;-0.01746723254120064;1.339;23.434183406829835;-0.5341837882995613
2021-06-10;23.100000381469727;23.5;22.0;22.5;22.5;376050;-1.75;188.40999999999977;22.0;23.5;23.100000381469727;-0.01746723254120064;-0.026666683620876763;1.1293;23.383781528472902;-0.8837815284729018
2021-06-11;22.799999237060547;22.799999237060547;21.799999237060547;21.899999618530273;21.899999618530273;276650;-2.67;185.73999999999978;21.799999237060547;22.799999237060547;22.799999237060547;-0.026666683620876763;-0.004566227543908896;1.0831;23.40983114242554;-1.509831523895265
2021-06-14;21.600000381469727;22.700000762939453;21.5;21.799999237060547;21.799999237060547;366690;-0.46;185.27999999999977;21.5;22.700000762939453;21.600000381469727;-0.004566227543908896;0.29357806192023816;1.0537;23.355477619171143;-1.5554783821105964
2021-06-15;27.899999618530273;32.0;26.399999618530273;28.200000762939453;28.200000762939453;3107520;29.36;214.63999999999976;26.399999618530273;32.0;27.899999618530273;0.29357806192023816;-0.042553217392692355;1.4838;23.59894676208496;4.601054000854493
2021-06-16;29.0;29.299999237060547;25.899999618530273;27.0;27.0;1563810;-4.26;210.37999999999977;25.899999618530273;29.299999237060547;29.0;-0.042553217392692355;0.05185183772334345;1.3921;23.942093086242675;3.057906913757325
2021-06-17;27.299999237060547;29.799999237060547;26.700000762939453;28.399999618530273;28.399999618530273;1420010;5.19;215.56999999999977;26.700000762939453;29.799999237060547;27.299999237060547;0.05185183772334345;0.3661971745853314;1.3797;24.395158672332762;4.004840946197511
2021-06-18;28.799999237060547;39.900001525878906;28.0;38.79999923706055;38.79999923706055;4549330;36.62;252.18999999999977;28.0;39.900001525878906;28.799999237060547;0.3661971745853314;0.23195876744769328;1.7271;25.16419219970703;13.635807037353516
2021-06-21;41.0;49.29999923706055;40.0;47.79999923706055;47.79999923706055;5340540;23.2;275.38999999999976;40.0;49.29999923706055;41.0;0.23195876744769328;0.23221762481142982;1.8697;26.330000019073488;21.46999921798706
2021-06-22;51.5;59.0;49.29999923706055;58.900001525878906;58.900001525878906;6076950;23.22;298.6099999999998;49.29999923706055;59.0;51.5;0.23221762481142982;0.6655347356997754;1.9897;28.01500005722046;30.885001468658448
2021-06-23;63.5;98.0999984741211;61.5;98.0999984741211;98.0999984741211;7357930;66.55;365.1599999999998;61.5;98.0999984741211;63.5;0.6655347356997754;-0.510703356303696;2.9398;31.669999980926512;66.42999849319457
2021-06-24;100.19999694824219;103.30000305175781;46.70000076293945;48.0;48.0;4763400;-51.07;314.0899999999998;46.70000076293945;103.30000305175781;100.19999694824219;-0.510703356303696;0.13541666666666674;3.605;32.85999994277954;15.140000057220462
2021-06-25;46.5;64.80000305175781;45.0;54.5;54.5;4899860;13.54;327.6299999999998;45.0;64.80000305175781;46.5;0.13541666666666674;0.07889906856991824;3.5987;34.40999994277954;20.090000057220458
2021-06-28;57.70000076293945;62.599998474121094;56.599998474121094;58.79999923706055;58.79999923706055;3185090;7.89;335.5199999999998;56.599998474121094;62.599998474121094;57.70000076293945;0.07889906856991824;-0.14285710578525446;3.5986;36.079999923706055;22.719999313354492
2021-06-29;59.79999923706055;60.599998474121094;49.400001525878906;50.400001525878906;50.400001525878906;2596450;-14.29;321.2299999999998;49.400001525878906;60.599998474121094;59.79999923706055;-0.14285710578525446;0.029761903860851868;3.6605;37.369999980926515;13.030001544952391
2021-06-30;47.29999923706055;55.79999923706055;43.099998474121094;51.900001525878906;51.900001525878906;3035990;2.98;324.2099999999998;43.099998474121094;55.79999923706055;47.29999923706055;0.029761903860851868;-0.052023134557966255;3.6472;38.77000007629395;13.13000144958496
2021-07-01;53.5;54.900001525878906;49.099998474121094;49.20000076293945;49.20000076293945;1259600;-5.2;319.0099999999998;49.099998474121094;54.900001525878906;53.5;-0.052023134557966255;-0.03658534977943373;3.6696;39.99500007629395;9.205000686645505
2021-07-02;49.5;50.900001525878906;47.20000076293945;47.400001525878906;47.400001525878906;822450;-3.66;315.3499999999998;47.20000076293945;50.900001525878906;49.5;-0.03658534977943373;-0.02531647097699541;3.6748;41.15500011444092;6.24500141143799
2021-07-05;47.70000076293945;49.900001525878906;45.099998474121094;46.20000076293945;46.20000076293945;981680;-2.53;312.8199999999998;45.099998474121094;49.900001525878906;47.70000076293945;-0.02531647097699541;-0.054112553218948034;3.6785;42.27000017166138;3.9300005912780733
2021-07-06;45.5;46.099998474121094;43.29999923706055;43.70000076293945;43.70000076293945;673570;-5.41;307.4099999999998;43.29999923706055;46.099998474121094;45.5;-0.054112553218948034;-0.0114416473974992;3.68;43.32000017166138;0.38000059127807617
2021-07-07;44.70000076293945;47.5;42.29999923706055;43.20000076293945;43.20000076293945;954960;-1.14;306.2699999999998;42.29999923706055;47.5;44.70000076293945;-0.0114416473974992;-0.004629647208502563;3.6844;44.33500022888184;-1.1349994659423857
2021-07-08;41.70000076293945;44.70000076293945;40.0;43.0;43.0;1493500;-0.46;305.80999999999983;40.0;44.70000076293945;41.70000076293945;-0.004629647208502563;-0.08837207528047786;3.6812;45.36000022888184;-2.3600002288818374
2021-07-12;42.900001525878906;44.0;39.0;39.20000076293945;39.20000076293945;1396880;-8.84;296.96999999999986;39.0;44.0;42.900001525878906;-0.08837207528047786;-0.08418365236820202;3.7066;46.22500028610229;-7.02499952316284
2021-07-13;40.0;40.099998474121094;34.20000076293945;35.900001525878906;35.900001525878906;2737840;-8.42;288.54999999999984;34.20000076293945;40.099998474121094;40.0;-0.08418365236820202;-0.0640669346517947;3.7344;46.930000400543214;-11.029998874664308
2021-07-14;35.5;37.70000076293945;33.29999923706055;33.599998474121094;33.599998474121094;2149820;-6.41;282.1399999999998;33.29999923706055;37.70000076293945;35.5;-0.0640669346517947;-0.08035711244660848;3.6417;47.200000286102295;-13.600001811981201
2021-07-15;33.599998474121094;34.20000076293945;30.100000381469727;30.899999618530273;30.899999618530273;3754430;-8.04;274.0999999999998;30.100000381469727;34.20000076293945;33.599998474121094;-0.08035711244660848;0.16181236145874278;3.6547;47.395000267028806;-16.495000648498532
2021-07-16;31.600000381469727;36.79999923706055;30.799999237060547;35.900001525878906;35.900001525878906;4492340;16.18;290.2799999999998;30.799999237060547;36.79999923706055;31.600000381469727;0.16181236145874278;0.13927576009699316;3.6834;47.77000036239624;-11.869998836517333
2021-07-19;34.70000076293945;43.29999923706055;33.79999923706055;40.900001525878906;40.900001525878906;4191260;13.93;304.2099999999998;33.79999923706055;43.29999923706055;34.70000076293945;0.13927576009699316;-0.1271393782136958;3.4981;47.87500047683716;-6.974998950958252
2021-07-20;42.5;43.0;35.599998474121094;35.70000076293945;35.70000076293945;3621390;-12.71;291.49999999999983;35.599998474121094;43.0;42.5;-0.1271393782136958;0.0;3.4496;47.270000553131105;-11.569999790191652
2021-07-21;36.0;38.5;34.099998474121094;35.70000076293945;35.70000076293945;2488870;0.0;291.49999999999983;34.099998474121094;38.5;36.0;0.0;-0.0364145436772676;3.3464;46.11000051498413;-10.409999752044676
2021-07-22;36.099998474121094;37.29999923706055;34.29999923706055;34.400001525878906;34.400001525878906;1281380;-3.64;287.85999999999984;34.29999923706055;37.29999923706055;36.099998474121094;-0.0364145436772676;-0.040697716970323206;2.2245;42.92500066757202;-8.524999141693115
2021-07-23;35.0;35.400001525878906;32.70000076293945;33.0;33.0;1238760;-4.07;283.78999999999985;32.70000076293945;35.400001525878906;35.0;-0.040697716970323206;0.12727275039210473;1.3588;42.17500066757202;-9.175000667572021
2021-07-26;33.70000076293945;38.29999923706055;31.700000762939453;37.20000076293945;37.20000076293945;2992950;12.73;296.51999999999987;31.700000762939453;38.29999923706055;33.70000076293945;0.12727275039210473;-0.06989253321222011;1.3471;41.31000070571899;-4.109999942779538
2021-07-27;36.79999923706055;38.79999923706055;33.79999923706055;34.599998474121094;34.599998474121094;1962490;-6.99;289.52999999999986;33.79999923706055;38.79999923706055;36.79999923706055;-0.06989253321222011;-0.017340997126628732;1.3118;40.10000066757202;-5.500002193450925
2021-07-28;35.0;35.79999923706055;33.70000076293945;34.0;34.0;996610;-1.73;287.79999999999984;33.70000076293945;35.79999923706055;35.0;-0.017340997126628732;0.05000002243939572;1.233;39.280000591278075;-5.280000591278075
2021-07-29;33.900001525878906;37.5;33.599998474121094;35.70000076293945;35.70000076293945;2686460;5.0;292.79999999999984;33.599998474121094;37.5;33.900001525878906;0.05000002243939572;-0.030812388384044098;1.2452;38.4700005531311;-2.7699997901916475
2021-07-30;35.70000076293945;36.70000076293945;34.20000076293945;34.599998474121094;34.599998474121094;1093460;-3.08;289.71999999999986;34.20000076293945;36.70000076293945;35.70000076293945;-0.030812388384044098;0.15606941514514272;1.2392;37.74000043869019;-3.1400019645690946
2021-08-02;35.599998474121094;43.599998474121094;34.400001525878906;40.0;40.0;4495320;15.61;305.32999999999987;34.400001525878906;43.599998474121094;35.599998474121094;0.15606941514514272;-0.025000000000000022;1.3752;37.37000036239624;2.6299996376037598
2021-08-03;41.70000076293945;44.400001525878906;38.29999923706055;39.0;39.0;5191490;-2.5;302.82999999999987;38.29999923706055;44.400001525878906;41.70000076293945;-0.025000000000000022;-0.07948714036207938;1.3752;37.01000032424927;1.989999675750731
2021-08-04;38.79999923706055;39.79999923706055;35.5;35.900001525878906;35.900001525878906;1992160;-7.95;294.8799999999999;35.5;39.79999923706055;38.79999923706055;-0.07948714036207938;-0.05292483134044634;1.3901;36.62000036239624;-0.719998836517334
2021-08-05;36.099998474121094;36.70000076293945;33.400001525878906;34.0;34.0;2039810;-5.29;289.58999999999986;33.400001525878906;36.70000076293945;36.099998474121094;-0.05292483134044634;0.0;1.3999;36.16000032424927;-2.1600003242492676
2021-08-06;34.0;35.29999923706055;33.599998474121094;34.0;34.0;1505100;0.0;289.58999999999986;33.599998474121094;35.29999923706055;34.0;0.0;-0.002941131591796875;1.4001;35.710000324249265;-1.7100003242492647
2021-08-09;34.29999923706055;35.099998474121094;33.900001525878906;33.900001525878906;33.900001525878906;1013180;-0.29;289.29999999999984;33.900001525878906;35.099998474121094;34.29999923706055;-0.002941131591796875;-0.026548716382559845;1.3676;35.44500036239624;-1.5449988365173368
2021-08-10;34.0;34.400001525878906;32.70000076293945;33.0;33.0;1144350;-2.65;286.64999999999986;32.70000076293945;34.400001525878906;34.0;-0.026548716382559845;-0.009090885971531737;1.3377;35.300000286102296;-2.3000002861022963
2021-08-11;32.79999923706055;35.79999923706055;31.700000762939453;32.70000076293945;32.70000076293945;2480160;-0.91;285.73999999999984;31.700000762939453;35.79999923706055;32.79999923706055;-0.009090885971531737;0.0;1.3174;35.25500040054321;-2.554999637603757
2021-08-12;32.599998474121094;33.70000076293945;32.20000076293945;32.70000076293945;32.70000076293945;1185420;0.0;285.73999999999984;32.20000076293945;33.70000076293945;32.599998474121094;0.0;-0.06422019365362708;1.2813;35.345000457763675;-2.6449996948242216
2021-08-13;33.400001525878906;33.70000076293945;30.299999237060547;30.600000381469727;30.600000381469727;1337220;-6.42;279.3199999999998;30.299999237060547;33.70000076293945;33.400001525878906;-0.06422019365362708;-0.14379083541432758;1.162;35.08000040054321;-4.480000019073486
2021-08-16;29.899999618530273;30.399999618530273;26.200000762939453;26.200000762939453;26.200000762939453;3244760;-14.38;264.9399999999998;26.200000762939453;30.399999618530273;29.899999618530273;-0.14379083541432758;-0.061068715071679214;1.1281;34.34500036239624;-8.144999599456789
2021-08-17;25.0;25.299999237060547;22.700000762939453;24.600000381469727;24.600000381469727;2646400;-6.11;258.8299999999998;22.700000762939453;25.299999237060547;25.0;-0.061068715071679214;0.1626016234948131;1.0674;33.79000034332275;-9.189999961853026
2021-08-18;25.799999237060547;31.100000381469727;24.399999618530273;28.600000381469727;28.600000381469727;4600500;16.26;275.0899999999998;24.399999618530273;31.100000381469727;25.799999237060547;0.1626016234948131;-0.07342658578530448;1.2422;33.435000324249266;-4.83499994277954
2021-08-19;27.899999618530273;30.600000381469727;26.0;26.5;26.5;3181550;-7.34;267.74999999999983;26.0;30.600000381469727;27.899999618530273;-0.07342658578530448;0.018867924528301883;1.2601;33.04000024795532;-6.540000247955319
2021-08-20;26.399999618530273;29.0;25.799999237060547;27.0;27.0;2361130;1.89;269.6399999999998;25.799999237060547;29.0;26.399999618530273;0.018867924528301883;-0.01851851851851849;1.2586;32.74000024795532;-5.740000247955322
2021-08-23;27.700000762939453;28.399999618530273;26.5;26.5;26.5;1398810;-1.85;267.7899999999998;26.5;28.399999618530273;27.700000762939453;-0.01851851851851849;0.033962249755859375;1.1543;32.20500020980835;-5.705000209808347
2021-08-24;27.200000762939453;28.299999237060547;26.799999237060547;27.399999618530273;27.399999618530273;1487680;3.4;271.18999999999977;26.799999237060547;28.299999237060547;27.200000762939453;0.033962249755859375;0.05474452630961246;1.1469;31.84500026702881;-4.445000648498535
2021-08-25;27.5;31.5;27.299999237060547;28.899999618530273;28.899999618530273;3905110;5.47;276.6599999999998;27.299999237060547;31.5;27.5;0.05474452630961246;-0.017301038290651327;1.1684;31.590000247955324;-2.6900006294250502
2021-08-26;30.0;30.799999237060547;28.100000381469727;28.399999618530273;28.399999618530273;2720020;-1.73;274.9299999999998;28.100000381469727;30.799999237060547;30.0;-0.017301038290651327;0.010563420719676309;1.1503;31.225000190734864;-2.8250005722045906
2021-08-27;28.700000762939453;29.299999237060547;28.200000762939453;28.700000762939453;28.700000762939453;1305300;1.06;275.9899999999998;28.200000762939453;29.299999237060547;28.700000762939453;0.010563420719676309;0.0;1.1492;30.93000030517578;-2.229999542236328
2021-08-30;29.0;30.100000381469727;28.200000762939453;28.700000762939453;28.700000762939453;1241430;0.0;275.9899999999998;28.200000762939453;30.100000381469727;29.0;0.0;0.010452934811344683;0.9762;30.365000343322755;-1.6649995803833022
2021-08-31;28.899999618530273;29.700000762939453;28.399999618530273;29.0;29.0;1617150;1.05;277.0399999999998;28.399999618530273;29.700000762939453;28.899999618530273;0.010452934811344683;0.058620715963429326;0.9793;29.865000343322755;-0.8650003433227553
2021-09-01;29.100000381469727;32.400001525878906;29.0;30.700000762939453;30.700000762939453;5197680;5.86;282.8999999999998;29.0;32.400001525878906;29.100000381469727;0.058620715963429326;-0.12052119449475829;0.9775;29.605000305175782;1.0950004577636712
2021-09-02;31.100000381469727;31.200000762939453;27.0;27.0;27.0;3108690;-12.05;270.8499999999998;27.0;31.200000762939453;31.100000381469727;-0.12052119449475829;0.007407435664424256;1.0475;29.25500030517578;-2.2550003051757805
2021-09-03;27.5;28.200000762939453;26.100000381469727;27.200000762939453;27.200000762939453;1765460;0.74;271.5899999999998;26.100000381469727;28.200000762939453;27.5;0.007407435664424256;-0.003676484509735012;1.0487;28.915000343322752;-1.7149995803832994
2021-09-06;27.5;27.799999237060547;26.799999237060547;27.100000381469727;27.100000381469727;683590;-0.37;271.2199999999998;26.799999237060547;27.799999237060547;27.5;-0.003676484509735012;-0.05904060365120012;1.0486;28.575000286102295;-1.4749999046325684
2021-09-08;27.100000381469727;28.5;25.200000762939453;25.5;25.5;2135920;-5.9;265.3199999999998;25.200000762939453;28.5;27.100000381469727;-0.05904060365120012;0.08235295613606763;1.0621;28.200000286102295;-2.700000286102295
2021-09-09;25.799999237060547;27.600000381469727;25.600000381469727;27.600000381469727;27.600000381469727;2257460;8.24;273.55999999999983;25.600000381469727;27.600000381469727;25.799999237060547;0.08235295613606763;-0.032608681380110416;1.1123;27.94500026702881;-0.34499988555908345
2021-09-10;28.200000762939453;28.799999237060547;26.700000762939453;26.700000762939453;26.700000762939453;1558310;-3.26;270.29999999999984;26.700000762939453;28.799999237060547;28.200000762939453;-0.032608681380110416;0.08239695852909845;1.116;27.64500026702881;-0.9449995040893562
2021-09-13;27.200000762939453;29.299999237060547;27.0;28.899999618530273;28.899999618530273;2154140;8.24;278.53999999999985;27.0;29.299999237060547;27.200000762939453;0.08239695852909845;-0.03806229743907752;1.1386;27.560000228881837;1.3399993896484368
2021-09-14;29.200000762939453;30.100000381469727;27.299999237060547;27.799999237060547;27.799999237060547;1969280;-3.81;274.72999999999985;27.299999237060547;30.100000381469727;29.200000762939453;-0.03806229743907752;0.032374156495626805;1.0175;27.64000015258789;0.15999908447265554
2021-09-15;28.100000381469727;29.299999237060547;27.600000381469727;28.700000762939453;28.700000762939453;1882060;3.24;277.96999999999986;27.600000381469727;29.299999237060547;28.100000381469727;0.032374156495626805;-0.04529620591815042;0.9908;27.845000171661376;0.8550005912780776
2021-09-16;28.399999618530273;28.899999618530273;27.299999237060547;27.399999618530273;27.399999618530273;1553710;-4.53;273.4399999999999;27.299999237060547;28.899999618530273;28.399999618530273;-0.04529620591815042;0.01824817543653756;0.826;27.785000133514405;-0.38500051498413157
2021-09-17;27.100000381469727;28.100000381469727;26.299999237060547;27.899999618530273;27.899999618530273;1561080;1.82;275.2599999999999;26.299999237060547;28.100000381469727;27.100000381469727;0.01824817543653756;-0.07526883190618305;0.7821;27.85500011444092;0.04499950408935405
2021-09-20;26.799999237060547;27.299999237060547;25.299999237060547;25.799999237060547;25.799999237060547;2297570;-7.53;267.7299999999999;25.299999237060547;27.299999237060547;26.799999237060547;-0.07526883190618305;-0.031007723283626443;0.828;27.795000076293945;-1.9950008392333984
2021-09-21;26.299999237060547;26.700000762939453;23.899999618530273;25.0;25.0;2754500;-3.1;264.6299999999999;23.899999618530273;26.700000762939453;26.299999237060547;-0.031007723283626443;0.040000000000000036;0.8327;27.720000076293946;-2.720000076293946
2021-09-22;25.299999237060547;26.700000762939453;25.0;26.0;26.0;1914560;4.0;268.6299999999999;25.0;26.700000762939453;25.299999237060547;0.040000000000000036;-0.0076923370361328125;0.8364;27.65000009536743;-1.6500000953674316
2021-09-23;26.0;27.299999237060547;25.5;25.799999237060547;25.799999237060547;1851850;-0.77;267.8599999999999;25.5;27.299999237060547;26.0;-0.0076923370361328125;-0.031007723283626443;0.8099;27.495000076293945;-1.6950008392333977
2021-09-24;25.899999618530273;26.0;24.799999237060547;25.0;25.0;1291950;-3.1;264.7599999999999;24.799999237060547;26.0;25.899999618530273;-0.031007723283626443;-0.048000030517578174;0.8142;27.325000095367432;-2.3250000953674324
2021-09-27;25.0;25.200000762939453;23.600000381469727;23.799999237060547;23.799999237060547;1227540;-4.8;259.95999999999987;23.600000381469727;25.200000762939453;25.0;-0.048000030517578174;-0.033613414399392694;0.8257;27.080000019073488;-3.280000782012941
2021-09-28;23.600000381469727;24.100000381469727;22.700000762939453;23.0;23.0;1414330;-3.36;256.59999999999985;22.700000762939453;24.100000381469727;23.600000381469727;-0.033613414399392694;0.06086954863175098;0.83;26.794999980926512;-3.7949999809265123
2021-09-29;23.5;24.799999237060547;23.299999237060547;24.399999618530273;24.399999618530273;1412690;6.09;262.6899999999998;23.299999237060547;24.799999237060547;23.5;0.06086954863175098;-0.04508198355193194;0.8648;26.564999961853026;-2.1650003433227525
2021-09-30;24.399999618530273;24.600000381469727;23.200000762939453;23.299999237060547;23.299999237060547;960680;-4.51;258.17999999999984;23.200000762939453;24.600000381469727;24.399999618530273;-0.04508198355193194;0.14592281704760435;0.8381;26.19499988555908;-2.8950006484985344
2021-10-01;23.5;26.899999618530273;23.299999237060547;26.700000762939453;26.700000762939453;2698180;14.59;272.7699999999998;23.299999237060547;26.899999618530273;23.5;0.14592281704760435;-0.08239702996537479;0.9124;26.179999923706056;0.520000839233397
2021-10-04;26.200000762939453;26.200000762939453;23.799999237060547;24.5;24.5;2649270;-8.24;264.5299999999998;23.799999237060547;26.200000762939453;26.200000762939453;-0.08239702996537479;-0.036734678307358104;0.9585;26.044999885559083;-1.5449998855590827
2021-10-05;24.700000762939453;24.899999618530273;23.600000381469727;23.600000381469727;23.600000381469727;1372880;-3.67;260.8599999999998;23.600000381469727;24.899999618530273;24.700000762939453;-0.036734678307358104;0.012711831873363;0.9657;25.869999885559082;-2.2699995040893555
2021-10-06;23.299999237060547;24.200000762939453;22.700000762939453;23.899999618530273;23.899999618530273;1567620;1.27;262.12999999999977;22.700000762939453;24.200000762939453;23.299999237060547;0.012711831873363;-0.020920502425963994;0.946;25.789999866485594;-1.8900002479553208
2021-10-07;24.100000381469727;24.700000762939453;23.299999237060547;23.399999618530273;23.399999618530273;1529490;-2.09;260.0399999999998;23.299999237060547;24.700000762939453;24.100000381469727;-0.020920502425963994;0.025641042361154165;0.8941;25.57999982833862;-2.180000209808348
2021-10-08;23.600000381469727;25.200000762939453;23.600000381469727;24.0;24.0;2195740;2.56;262.5999999999998;23.600000381469727;25.200000762939453;23.600000381469727;0.025641042361154165;-0.004166682561238644;0.8957;25.444999790191652;-1.4449997901916518
2021-10-11;24.0;24.5;23.5;23.899999618530273;23.899999618530273;1417410;-0.42;262.1799999999998;23.5;24.5;24.0;-0.004166682561238644;0.04602512129819747;0.8358;25.194999790191652;-1.2950001716613784
2021-10-13;23.899999618530273;25.799999237060547;23.700000762939453;25.0;25.0;2279500;4.6;266.7799999999998;23.700000762939453;25.799999237060547;23.899999618530273;0.04602512129819747;-0.020000000000000018;0.8491;25.054999828338623;-0.05499982833862305
2021-10-14;25.200000762939453;25.399999618530273;24.100000381469727;24.5;24.5;1532150;-2.0;264.7799999999998;24.100000381469727;25.399999618530273;25.200000762939453;-0.020000000000000018;0.061224489795918435;0.8397;24.84499979019165;-0.3449997901916504
2021-10-15;24.600000381469727;26.799999237060547;24.5;26.0;26.0;1806560;6.12;270.8999999999998;24.5;26.799999237060547;24.600000381469727;0.061224489795918435;-0.026923106266902086;0.8595;24.774999809265136;1.225000190734864
2021-10-18;25.700000762939453;25.899999618530273;24.799999237060547;25.299999237060547;25.299999237060547;988770;-2.69;268.2099999999998;24.799999237060547;25.899999618530273;25.700000762939453;-0.026923106266902086;-0.05533595497028687;0.8608;24.64499979019165;0.6549994468688958
2021-10-19;25.100000381469727;25.200000762939453;23.700000762939453;23.899999618530273;23.899999618530273;1095580;-5.53;262.67999999999984;23.700000762939453;25.200000762939453;25.100000381469727;-0.05533595497028687;-0.020920502425963994;0.8415;24.549999809265138;-0.6500001907348647
2021-10-20;24.100000381469727;24.399999618530273;23.0;23.399999618530273;23.399999618530273;1136530;-2.09;260.58999999999986;23.0;24.399999618530273;24.100000381469727;-0.020920502425963994;-0.08974360750872634;0.8377;24.46999979019165;-1.070000171661377
2021-10-21;23.0;23.100000381469727;20.799999237060547;21.299999237060547;21.299999237060547;1595960;-8.97;251.61999999999986;20.799999237060547;23.100000381469727;23.0;-0.08974360750872634;-0.023474179244571736;0.877;24.23499975204468;-2.9350005149841323
2021-10-22;21.299999237060547;21.600000381469727;19.299999237060547;20.799999237060547;20.799999237060547;1601160;-2.35;249.26999999999987;19.299999237060547;21.600000381469727;21.299999237060547;-0.023474179244571736;0.05769234648823174;0.8786;23.98499975204468;-3.1850005149841323
2021-10-25;21.299999237060547;22.600000381469727;21.200000762939453;22.0;22.0;1787120;5.77;255.03999999999988;21.200000762939453;22.600000381469727;21.299999237060547;0.05769234648823174;-0.06363634629683057;0.9056;23.834999752044677;-1.834999752044677
2021-10-26;21.899999618530273;21.899999618530273;20.5;20.600000381469727;20.600000381469727;1321480;-6.36;248.67999999999986;20.5;21.899999618530273;21.899999618530273;-0.06363634629683057;-0.019417456850636006;0.9171;23.674999809265138;-3.0749994277954116
2021-10-27;20.600000381469727;21.600000381469727;20.100000381469727;20.200000762939453;20.200000762939453;1000980;-1.94;246.73999999999987;20.100000381469727;21.600000381469727;20.600000381469727;-0.019417456850636006;-0.014851541241502675;0.9127;23.53499984741211;-3.3349990844726562
2021-10-28;20.0;20.799999237060547;19.5;19.899999618530273;19.899999618530273;1403800;-1.49;245.24999999999986;19.5;20.799999237060547;20.0;-0.014851541241502675;-0.04522611235088769;0.8793;23.309999847412108;-3.4100002288818345
2021-10-29;20.100000381469727;20.399999618530273;18.899999618530273;19.0;19.0;1105320;-4.52;240.72999999999985;18.899999618530273;20.399999618530273;20.100000381469727;-0.04522611235088769;0.06315793489155008;0.8793;23.094999885559083;-4.0949998855590835
2021-11-01;19.399999618530273;20.5;19.0;20.200000762939453;20.200000762939453;1105900;6.32;247.04999999999984;19.0;20.5;19.399999618530273;0.06315793489155008;0.05445536794925476;0.7211;22.76999988555908;-2.5699991226196275
2021-11-03;19.799999237060547;22.299999237060547;19.700000762939453;21.299999237060547;21.299999237060547;2965170;5.45;252.49999999999983;19.700000762939453;22.299999237060547;19.799999237060547;0.05445536794925476;-0.06103283021713146;0.7096;22.60999984741211;-1.3100006103515618
2021-11-04;20.799999237060547;21.799999237060547;19.899999618530273;20.0;20.0;1298090;-6.1;246.39999999999984;19.899999618530273;21.799999237060547;20.799999237060547;-0.06103283021713146;0.019999980926513672;0.7286;22.429999828338623;-2.429999828338623
2021-11-05;20.399999618530273;21.100000381469727;20.0;20.399999618530273;20.399999618530273;923690;2.0;248.39999999999984;20.0;21.100000381469727;20.399999618530273;0.019999980926513672;-0.024509804379889588;0.7317;22.254999828338622;-1.855000209808349
2021-11-08;20.100000381469727;20.399999618530273;19.700000762939453;19.899999618530273;19.899999618530273;589000;-2.45;245.94999999999985;19.700000762939453;20.399999618530273;20.100000381469727;-0.024509804379889588;0.035175918409949825;0.7327;22.07999982833862;-2.180000209808348
2021-11-09;20.100000381469727;21.200000762939453;20.0;20.600000381469727;20.600000381469727;1257680;3.52;249.46999999999986;20.0;21.200000762939453;20.100000381469727;0.035175918409949825;0.009708682130449064;0.7391;21.90999984741211;-1.3099994659423828
2021-11-10;20.700000762939453;21.5;20.399999618530273;20.799999237060547;20.799999237060547;1027360;0.97;250.43999999999986;20.399999618530273;21.5;20.700000762939453;0.009708682130449064;0.033653884068044704;0.7413;21.754999828338622;-0.9550005912780755
2021-11-11;21.100000381469727;22.0;20.899999618530273;21.5;21.5;974030;3.37;253.80999999999986;20.899999618530273;22.0;21.100000381469727;0.033653884068044704;-0.06511626132698944;0.7311;21.57999982833862;-0.07999982833862163
2021-11-12;21.5;21.600000381469727;20.0;20.100000381469727;20.100000381469727;1063620;-6.51;247.29999999999987;20.0;21.600000381469727;21.5;-0.06511626132698944;-0.06965172099304728;0.7591;21.35999984741211;-1.259999465942382
2021-11-16;20.5;20.899999618530273;18.600000381469727;18.700000762939453;18.700000762939453;1240970;-6.97;240.32999999999987;18.600000381469727;20.899999618530273;20.5;-0.06965172099304728;-0.08021390047067656;0.7411;20.994999885559082;-2.294999122619629
2021-11-17;19.100000381469727;19.5;16.5;17.200000762939453;17.200000762939453;1689940;-8.02;232.30999999999986;16.5;19.5;19.100000381469727;-0.08021390047067656;-0.12209304001861221;0.7755;20.589999961853028;-3.389999198913575
2021-11-18;17.299999237060547;17.5;15.100000381469727;15.100000381469727;15.100000381469727;1208210;-12.21;220.09999999999985;15.100000381469727;17.5;17.299999237060547;-0.12209304001861221;0.12582778612786627;0.8507;20.15;-5.049999618530272
2021-11-19;15.100000381469727;17.299999237060547;14.5;17.0;17.0;1805380;12.58;232.67999999999986;14.5;17.299999237060547;15.100000381469727;0.12582778612786627;-0.0941176694982192;0.9983;19.830000019073488;-2.8300000190734877
2021-11-22;16.899999618530273;17.200000762939453;15.0;15.399999618530273;15.399999618530273;1204190;-9.41;223.26999999999987;15.0;17.200000762939453;16.899999618530273;-0.0941176694982192;-0.025974001846660322;1.0028;19.535000038146972;-4.1350004196166985
2021-11-23;15.399999618530273;15.800000190734863;14.600000381469727;15.0;15.0;1212620;-2.6;220.66999999999987;14.600000381469727;15.800000190734863;15.399999618530273;-0.025974001846660322;0.013333320617675781;1.0031;19.245000076293945;-4.245000076293945
2021-11-24;14.699999809265137;15.399999618530273;14.5;15.199999809265137;15.199999809265137;630310;1.33;221.9999999999999;14.5;15.399999618530273;14.699999809265137;0.013333320617675781;0.085526329411034;0.9728;18.905000066757204;-3.705000257492067
2021-11-25;15.100000381469727;17.0;15.100000381469727;16.5;16.5;1273930;8.55;230.5499999999999;15.100000381469727;17.0;15.100000381469727;0.085526329411034;-0.10909092065059778;1.0199;18.700000047683716;-2.200000047683716
2021-11-26;15.300000190734863;15.600000381469727;14.699999809265137;14.699999809265137;14.699999809265137;913600;-10.91;219.6399999999999;14.699999809265137;15.600000381469727;15.300000190734863;-0.10909092065059778;-0.027210858756485212;1.0799;18.425;-3.725000190734864
2021-11-29;15.100000381469727;15.300000190734863;14.300000190734863;14.300000190734863;14.300000190734863;830620;-2.72;216.9199999999999;14.300000190734863;15.300000190734863;15.100000381469727;-0.027210858756485212;-0.034965034498667724;1.081;18.14500002861023;-3.844999837875367
2021-11-30;14.199999809265137;14.300000190734863;13.300000190734863;13.800000190734863;13.800000190734863;785610;-3.5;213.4199999999999;13.300000190734863;14.300000190734863;14.199999809265137;-0.034965034498667724;-0.06521743186705453;1.0777;17.885000038146973;-4.08499984741211
2021-12-01;14.199999809265137;14.699999809265137;12.800000190734863;12.899999618530273;12.899999618530273;1057520;-6.52;206.8999999999999;12.800000190734863;14.699999809265137;14.199999809265137;-0.06521743186705453;-0.007751893856784764;1.0524;17.519999980926514;-4.62000036239624
2021-12-02;13.100000381469727;13.699999809265137;12.600000381469727;12.800000190734863;12.800000190734863;616100;-0.78;206.1199999999999;12.600000381469727;13.699999809265137;13.100000381469727;-0.007751893856784764;0.03906249941792339;1.0165;17.09500002861023;-4.294999837875366
2021-12-03;12.699999809265137;13.899999618530273;12.699999809265137;13.300000190734863;13.300000190734863;990960;3.91;210.0299999999999;12.699999809265137;13.899999618530273;12.699999809265137;0.03906249941792339;0.022556404994930057;1.0291;16.760000038146973;-3.45999984741211
2021-12-06;13.5;13.699999809265137;13.100000381469727;13.600000381469727;13.600000381469727;508420;2.26;212.28999999999988;13.100000381469727;13.699999809265137;13.5;0.022556404994930057;0.0;1.0304;16.420000076293945;-2.8199996948242188
2021-12-07;14.0;14.199999809265137;13.600000381469727;13.600000381469727;13.600000381469727;459180;0.0;212.28999999999988;13.600000381469727;14.199999809265137;14.0;0.0;0.02941173583166079;1.032;16.10500011444092;-2.504999732971193
2021-12-08;13.600000381469727;14.5;13.300000190734863;14.0;14.0;828890;2.94;215.22999999999988;13.300000190734863;14.5;13.600000381469727;0.02941173583166079;-0.021428585052490234;1.0284;15.775000095367432;-1.7750000953674316
2021-12-09;13.800000190734863;13.899999618530273;13.5;13.699999809265137;13.699999809265137;476790;-2.14;213.0899999999999;13.5;13.899999618530273;13.800000190734863;-0.021428585052490234;0.01459852642697701;1.0235;15.420000123977662;-1.7200003147125251
2021-12-10;13.899999618530273;14.399999618530273;13.800000190734863;13.899999618530273;13.899999618530273;416320;1.46;214.5499999999999;13.800000190734863;14.399999618530273;13.899999618530273;0.01459852642697701;-0.04316542764472764;1.0128;15.040000104904175;-1.1400004863739017
2021-12-13;13.899999618530273;14.199999809265137;13.199999809265137;13.300000190734863;13.300000190734863;889780;-4.32;210.2299999999999;13.199999809265137;14.199999809265137;13.899999618530273;-0.04316542764472764;-0.060150389418202055;1.0026;14.700000095367432;-1.399999904632569
2021-12-14;13.5;13.600000381469727;12.399999618530273;12.5;12.5;631890;-6.02;204.2099999999999;12.399999618530273;13.600000381469727;13.5;-0.060150389418202055;0.040000000000000036;0.9968;14.390000057220458;-1.8900000572204583
2021-12-15;12.5;13.0;12.100000381469727;13.0;13.0;585440;4.0;208.2099999999999;12.100000381469727;13.0;12.5;0.040000000000000036;-0.038461538461538436;0.9886;14.180000019073486;-1.1800000190734856
2021-12-16;13.0;13.199999809265137;12.399999618530273;12.5;12.5;436510;-3.85;204.3599999999999;12.399999618530273;13.199999809265137;13.0;-0.038461538461538436;0.024000015258789142;0.9063;14.05;-1.5500000000000007
2021-12-17;12.5;12.899999618530273;12.199999809265137;12.800000190734863;12.800000190734863;391660;2.4;206.7599999999999;12.199999809265137;12.899999618530273;12.5;0.024000015258789142;-0.03125004423782163;0.7687;13.840000009536743;-1.0399998188018795
2021-12-20;12.699999809265137;13.100000381469727;12.300000190734863;12.399999618530273;12.399999618530273;439370;-3.13;203.6299999999999;12.300000190734863;13.100000381469727;12.699999809265137;-0.03125004423782163;-0.032258034744817476;0.7109;13.690000009536742;-1.290000391006469
2021-12-21;12.600000381469727;12.699999809265137;12.0;12.0;12.0;366590;-3.23;200.39999999999992;12.0;12.699999809265137;12.600000381469727;-0.032258034744817476;-0.04166666666666663;0.7132;13.540000009536744;-1.5400000095367439
2021-12-22;12.0;12.199999809265137;11.5;11.5;11.5;343860;-4.17;196.22999999999993;11.5;12.199999809265137;12.0;-0.04166666666666663;-0.017391287762185792;0.7159;13.355000019073486;-1.8550000190734863
2021-12-23;11.600000381469727;11.699999809265137;11.300000190734863;11.300000190734863;11.300000190734863;203250;-1.74;194.48999999999992;11.300000190734863;11.699999809265137;11.600000381469727;-0.017391287762185792;0.03539819573261971;0.6143;13.09500002861023;-1.7949998378753662
2021-12-27;11.100000381469727;11.899999618530273;11.100000381469727;11.699999809265137;11.699999809265137;395310;3.54;198.02999999999992;11.100000381469727;11.899999618530273;11.100000381469727;0.03539819573261971;0.008547041290593693;0.5397;12.94500002861023;-1.2450002193450924
2021-12-28;11.600000381469727;12.0;11.5;11.800000190734863;11.800000190734863;227330;0.85;198.8799999999999;11.5;12.0;11.600000381469727;0.008547041290593693;-0.03389835302872812;0.5402;12.82000002861023;-1.0199998378753659
2021-12-29;11.699999809265137;12.199999809265137;11.300000190734863;11.399999618530273;11.399999618530273;322400;-3.39;195.48999999999992;11.300000190734863;12.199999809265137;11.699999809265137;-0.03389835302872812;0.0964912647612477;0.5396;12.7;-1.3000003814697259
2021-12-30;11.600000381469727;12.5;11.5;12.5;12.5;595910;9.65;205.13999999999993;11.5;12.5;11.600000381469727;0.0964912647612477;-0.06400001525878907;0.6158;12.680000019073486;-0.18000001907348562
2022-01-03;12.699999809265137;12.800000190734863;11.5;11.699999809265137;11.699999809265137;561360;-6.4;198.73999999999992;11.5;12.800000190734863;12.699999809265137;-0.06400001525878907;-0.017094001070560583;0.6553;12.625;-0.9250001907348633
2022-01-04;11.800000190734863;11.899999618530273;11.399999618530273;11.5;11.5;480990;-1.71;197.02999999999992;11.399999618530273;11.899999618530273;11.800000190734863;-0.017094001070560583;-0.05217394621475879;0.6368;12.534999990463257;-1.0349999904632572
2022-01-05;11.600000381469727;11.699999809265137;10.800000190734863;10.899999618530273;10.899999618530273;443130;-5.22;191.80999999999992;10.800000190734863;11.699999809265137;11.600000381469727;-0.05217394621475879;-0.03669721399350001;0.6467;12.399999952316284;-1.5000003337860104
2022-01-06;11.0;11.0;10.0;10.5;10.5;468860;-3.67;188.13999999999993;10.0;11.0;11.0;-0.03669721399350001;0.028571446736653572;0.6521;12.244999933242799;-1.7449999332427986
2022-01-07;10.399999618530273;10.899999618530273;10.199999809265137;10.800000190734863;10.800000190734863;369470;2.86;190.99999999999994;10.199999809265137;10.899999618530273;10.399999618530273;0.028571446736653572;-0.04629629547867431;0.6514;12.084999942779541;-1.284999752044678
2022-01-10;10.800000190734863;10.800000190734863;10.199999809265137;10.300000190734863;10.300000190734863;305410;-4.63;186.36999999999995;10.199999809265137;10.800000190734863;10.800000190734863;-0.04629629547867431;0.0;0.662;11.914999961853027;-1.614999771118164
2022-01-11;10.100000381469727;10.600000381469727;10.100000381469727;10.300000190734863;10.300000190734863;461340;0.0;186.36999999999995;10.100000381469727;10.600000381469727;10.100000381469727;0.0;0.06796114527209496;0.6559;11.734999990463256;-1.4349997997283932
2022-01-12;10.399999618530273;11.399999618530273;10.300000190734863;11.0;11.0;794520;6.8;193.16999999999996;10.300000190734863;11.399999618530273;10.399999618530273;0.06796114527209496;-0.03636360168457031;0.7071;11.619999980926513;-0.6199999809265133
2022-01-13;11.0;11.199999809265137;10.5;10.600000381469727;10.600000381469727;402010;-3.64;189.52999999999997;10.5;11.199999809265137;11.0;-0.03636360168457031;0.009433907943081188;0.6889;11.525;-0.9249996185302738
2022-01-14;10.600000381469727;10.899999618530273;10.399999618530273;10.699999809265137;10.699999809265137;197150;0.94;190.46999999999997;10.399999618530273;10.899999618530273;10.600000381469727;0.009433907943081188;0.028037401503044235;0.6693;11.409999990463257;-0.7100001811981205
2022-01-17;10.699999809265137;11.100000381469727;10.699999809265137;11.0;11.0;129690;2.8;193.26999999999998;10.699999809265137;11.100000381469727;10.699999809265137;0.028037401503044235;-0.05454548922452063;0.6719;11.334999990463256;-0.3349999904632561
2022-01-18;10.800000190734863;10.800000190734863;10.300000190734863;10.399999618530273;10.399999618530273;539940;-5.45;187.82;10.300000190734863;10.800000190734863;10.800000190734863;-0.05454548922452063;0.019230843295715117;0.6839;11.214999961853028;-0.8150003433227546
2022-01-19;10.5;10.699999809265137;10.5;10.600000381469727;10.600000381469727;369030;1.92;189.73999999999998;10.5;10.699999809265137;10.5;0.019230843295715117;0.06603771547865533;0.686;11.125;-0.5249996185302734
2022-01-20;10.600000381469727;12.5;10.600000381469727;11.300000190734863;11.300000190734863;1307960;6.6;196.33999999999997;10.600000381469727;12.5;10.600000381469727;0.06603771547865533;-0.02654868899744267;0.7255;11.090000009536743;0.21000018119812047
2022-01-21;11.0;11.699999809265137;11.0;11.0;11.0;589740;-2.65;193.68999999999997;11.0;11.699999809265137;11.0;-0.02654868899744267;-0.018181800842285156;0.7164;11.065000009536742;-0.06500000953674245
2022-01-24;11.0;11.100000381469727;10.600000381469727;10.800000190734863;10.800000190734863;344050;-1.82;191.86999999999998;10.600000381469727;11.100000381469727;11.0;-0.018181800842285156;0.04629629547867431;0.7167;11.040000009536744;-0.2399998188018806
2022-01-25;10.699999809265137;11.600000381469727;10.699999809265137;11.300000190734863;11.300000190734863;649610;4.63;196.49999999999997;10.699999809265137;11.600000381469727;10.699999809265137;0.04629629547867431;0.017699097866309854;0.7251;11.02000002861023;0.2800001621246331
2022-01-26;11.5;11.899999618530273;11.5;11.5;11.5;477520;1.77;198.26999999999998;11.5;11.899999618530273;11.5;0.017699097866309854;0.008695685345193604;0.7274;11.005000019073487;0.4949999809265133
2022-01-27;11.699999809265137;12.300000190734863;11.399999618530273;11.600000381469727;11.600000381469727;705990;0.87;199.14;11.399999618530273;12.300000190734863;11.699999809265137;0.008695685345193604;0.008620640043698113;0.7169;11.015000057220458;0.5850003242492683
2022-01-28;11.600000381469727;11.800000190734863;11.300000190734863;11.699999809265137;11.699999809265137;418690;0.86;200.0;11.300000190734863;11.800000190734863;11.600000381469727;0.008620640043698113;0.09401712815402319;0.625;10.975000047683716;0.7249997615814205
2022-01-31;11.699999809265137;12.800000190734863;11.5;12.800000190734863;12.800000190734863;768350;9.4;209.4;11.5;12.800000190734863;11.699999809265137;0.09401712815402319;-0.015624984866008385;0.6691;11.030000066757202;1.7700001239776615
2022-02-01;12.899999618530273;13.600000381469727;12.399999618530273;12.600000381469727;12.600000381469727;629450;-1.56;207.84;12.399999618530273;13.600000381469727;12.899999618530273;-0.015624984866008385;-0.0317460761979701;0.6685;11.08500008583069;1.5150002956390374
2022-02-02;12.699999809265137;13.0;12.100000381469727;12.199999809265137;12.199999809265137;353560;-3.17;204.67000000000002;12.100000381469727;13.0;12.699999809265137;-0.0317460761979701;-0.008196674537606752;0.6488;11.150000095367432;1.049999713897705
2022-02-03;12.399999618530273;12.600000381469727;11.899999618530273;12.100000381469727;12.100000381469727;421080;-0.82;203.85000000000002;11.899999618530273;12.600000381469727;12.399999618530273;-0.008196674537606752;-0.04132231274684206;0.6313;11.230000114440918;0.870000267028809
2022-02-04;12.100000381469727;12.199999809265137;11.399999618530273;11.600000381469727;11.600000381469727;552170;-4.13;199.72000000000003;11.399999618530273;12.199999809265137;12.100000381469727;-0.04132231274684206;0.0;0.6494;11.270000123977661;0.3300002574920651
2022-02-07;11.699999809265137;11.800000190734863;11.399999618530273;11.600000381469727;11.600000381469727;181470;0.0;199.72000000000003;11.399999618530273;11.800000190734863;11.699999809265137;0.0;0.04310344685839129;0.6217;11.335000133514404;0.2650002479553226
2022-02-08;11.5;12.300000190734863;11.300000190734863;12.100000381469727;12.100000381469727;572620;4.31;204.03000000000003;11.300000190734863;12.300000190734863;11.5;0.04310344685839129;-0.024793403411316528;0.6342;11.425000143051147;0.6750002384185798
2022-02-09;12.0;12.5;11.5;11.800000190734863;11.800000190734863;525990;-2.48;201.55000000000004;11.5;12.5;12.0;-0.024793403411316528;-0.008474608462146094;0.6043;11.46500015258789;0.33500003814697266
2022-02-10;11.699999809265137;12.0;11.5;11.699999809265137;11.699999809265137;289020;-0.85;200.70000000000005;11.5;12.0;11.699999809265137;-0.008474608462146094;-0.05982904450227533;0.5873;11.520000123977661;0.17999968528747523
2022-02-11;11.800000190734863;11.899999618530273;10.899999618530273;11.0;11.0;463190;-5.98;194.72000000000006;10.899999618530273;11.899999618530273;11.800000190734863;-0.05982904450227533;0.0;0.6311;11.535000133514405;-0.535000133514405
2022-02-14;11.100000381469727;11.399999618530273;10.899999618530273;11.0;11.0;306680;0.0;194.72000000000006;10.899999618530273;11.399999618530273;11.100000381469727;0.0;0.045454545454545414;0.6237;11.535000133514405;-0.535000133514405
2022-02-15;11.199999809265137;11.600000381469727;11.100000381469727;11.5;11.5;210550;4.55;199.27000000000007;11.100000381469727;11.600000381469727;11.199999809265137;0.045454545454545414;0.008695685345193604;0.6069;11.59000015258789;-0.09000015258789062
2022-02-16;11.5;11.800000190734863;11.5;11.600000381469727;11.600000381469727;215410;0.87;200.14000000000007;11.5;11.800000190734863;11.5;0.008695685345193604;-0.025862084557694898;0.605;11.640000152587891;-0.03999977111816477
2022-02-17;11.5;12.0;11.300000190734863;11.300000190734863;11.300000190734863;251730;-2.59;197.55000000000007;11.300000190734863;12.0;11.5;-0.025862084557694898;-0.008849591131132817;0.5693;11.640000152587891;-0.33999996185302805
2022-02-18;11.5;11.5;11.199999809265137;11.199999809265137;11.199999809265137;222060;-0.88;196.67000000000007;11.199999809265137;11.5;11.5;-0.008849591131132817;-0.05357137839404824;0.5615;11.650000143051148;-0.45000033378601145
2022-02-21;11.300000190734863;11.399999618530273;10.399999618530273;10.600000381469727;10.600000381469727;349830;-5.36;191.31000000000006;10.399999618530273;11.399999618530273;11.300000190734863;-0.05357137839404824;-0.009433997912352998;0.5912;11.640000152587891;-1.0399997711181648
2022-02-22;10.399999618530273;10.800000190734863;10.300000190734863;10.5;10.5;352510;-0.94;190.37000000000006;10.300000190734863;10.800000190734863;10.399999618530273;-0.009433997912352998;-0.028571446736653683;0.5655;11.600000143051147;-1.1000001430511475
2022-02-23;10.5;10.899999618530273;10.100000381469727;10.199999809265137;10.199999809265137;343890;-2.86;187.51000000000005;10.100000381469727;10.899999618530273;10.5;-0.028571446736653683;-0.03921564960882995;0.5668;11.535000133514405;-1.3350003242492683
2022-02-24;9.699999809265137;9.899999618530273;9.199999809265137;9.800000190734863;9.800000190734863;689400;-3.92;183.59000000000006;9.199999809265137;9.899999618530273;9.699999809265137;-0.03921564960882995;-0.020408143405366563;0.5765;11.44500012397766;-1.6449999332427971
2022-02-25;9.699999809265137;10.199999809265137;9.600000381469727;9.600000381469727;9.600000381469727;402240;-2.04;181.55000000000007;9.600000381469727;10.199999809265137;9.699999809265137;-0.020408143405366563;-0.010416705989173769;0.5747;11.34000015258789;-1.739999771118164
2022-03-02;9.699999809265137;9.800000190734863;9.399999618530273;9.5;9.5;219900;-1.04;180.51000000000008;9.399999618530273;9.800000190734863;9.699999809265137;-0.010416705989173769;0.01052635594418172;0.4263;11.175000143051147;-1.6750001430511468
2022-03-03;9.600000381469727;10.0;9.399999618530273;9.600000381469727;9.600000381469727;357410;1.05;181.5600000000001;9.399999618530273;10.0;9.600000381469727;0.01052635594418172;-0.041666724615624595;0.4353;11.025000143051148;-1.4249997615814216
2022-03-04;9.5;9.600000381469727;9.199999809265137;9.199999809265137;9.199999809265137;291620;-4.17;177.3900000000001;9.199999809265137;9.600000381469727;9.5;-0.041666724615624595;-0.0326087170602698;0.4423;10.875000143051148;-1.675000333786011
2022-03-07;9.300000190734863;9.5;8.699999809265137;8.899999618530273;8.899999618530273;354820;-3.26;174.1300000000001;8.699999809265137;9.5;9.300000190734863;-0.0326087170602698;0.022471996799083183;0.4468;10.715000104904174;-1.8150004863739007
2022-03-08;9.100000381469727;9.300000190734863;8.800000190734863;9.100000381469727;9.100000381469727;375800;2.25;176.3800000000001;8.800000190734863;9.300000190734863;9.100000381469727;0.022471996799083183;0.0329669477455663;0.454;10.590000104904174;-1.4899997234344475
2022-03-09;9.199999809265137;9.600000381469727;9.199999809265137;9.399999618530273;9.399999618530273;327280;3.3;179.68000000000012;9.199999809265137;9.600000381469727;9.199999809265137;0.0329669477455663;-0.01063823743123149;0.4796;10.480000066757203;-1.0800004482269294
2022-03-10;9.300000190734863;9.399999618530273;9.100000381469727;9.300000190734863;9.300000190734863;234960;-1.06;178.62000000000012;9.100000381469727;9.399999618530273;9.300000190734863;-0.01063823743123149;-0.06451616872733801;0.4367;10.34000005722046;-1.039999866485596
2022-03-11;9.300000190734863;9.5;8.600000381469727;8.699999809265137;8.699999809265137;435900;-6.45;172.17000000000013;8.600000381469727;9.5;9.300000190734863;-0.06451616872733801;-0.03448278130022209;0.4725;10.185000038146972;-1.4850002288818356
2022-03-14;8.899999618530273;8.899999618530273;8.100000381469727;8.399999618530273;8.399999618530273;233080;-3.45;168.72000000000014;8.100000381469727;8.899999618530273;8.899999618530273;-0.03448278130022209;0.035714310042713304;0.477;10.02000002861023;-1.6200004100799568
2022-03-15;8.300000190734863;8.699999809265137;8.199999809265137;8.699999809265137;8.699999809265137;188070;3.57;172.29000000000013;8.199999809265137;8.699999809265137;8.300000190734863;0.035714310042713304;0.02298848432756806;0.4811;9.905000019073487;-1.2050002098083503
2022-03-16;8.800000190734863;9.100000381469727;8.600000381469727;8.899999618530273;8.899999618530273;277680;2.3;174.59000000000015;8.600000381469727;9.100000381469727;8.800000190734863;0.02298848432756806;0.0;0.4949;9.8;-0.9000003814697273
2022-03-17;9.100000381469727;9.100000381469727;8.800000190734863;8.899999618530273;8.899999618530273;255580;0.0;174.59000000000015;8.800000190734863;9.100000381469727;9.100000381469727;0.0;0.12359555377726839;0.4517;9.669999980926514;-0.7700003623962406
2022-03-18;9.0;10.199999809265137;8.800000190734863;10.0;10.0;800190;12.36;186.95000000000016;8.800000190734863;10.199999809265137;9.0;0.12359555377726839;0.019999980926513672;0.6592;9.589999961853028;0.41000003814697195
2022-03-21;10.0;10.300000190734863;9.699999809265137;10.199999809265137;10.199999809265137;372520;2.0;188.95000000000016;9.699999809265137;10.300000190734863;10.0;0.019999980926513672;0.029411783955364257;0.6615;9.53499994277954;0.6649998664855961
2022-03-22;10.199999809265137;10.699999809265137;10.100000381469727;10.5;10.5;427200;2.94;191.89000000000016;10.100000381469727;10.699999809265137;10.199999809265137;0.029411783955364257;0.019047600882393878;0.6719;9.499999952316283;1.0000000476837165
2022-03-23;10.5;10.800000190734863;10.399999618530273;10.699999809265137;10.699999809265137;212150;1.9;193.79000000000016;10.399999618530273;10.800000190734863;10.5;0.019047600882393878;0.12149534709423015;0.6475;9.504999923706055;1.1949998855590813
2022-03-24;10.600000381469727;12.600000381469727;10.600000381469727;12.0;12.0;1424210;12.15;205.94000000000017;10.600000381469727;12.600000381469727;10.600000381469727;0.12149534709423015;-0.03333330154418945;0.7734;9.579999923706055;2.4200000762939453
2022-03-25;12.300000190734863;12.600000381469727;11.5;11.600000381469727;11.600000381469727;940320;-3.33;202.61000000000016;11.5;12.600000381469727;12.300000190734863;-0.03333330154418945;0.1465517028758705;0.7766;9.649999952316284;1.9500004291534427
2022-03-28;11.600000381469727;14.100000381469727;11.600000381469727;13.300000190734863;13.300000190734863;1724510;14.66;217.27000000000015;11.600000381469727;14.100000381469727;11.600000381469727;0.1465517028758705;-0.01503757942834183;0.8986;9.824999952316285;3.4750002384185787
2022-03-29;13.699999809265137;14.100000381469727;12.800000190734863;13.100000381469727;13.100000381469727;1128400;-1.5;215.77000000000015;12.800000190734863;14.100000381469727;13.699999809265137;-0.01503757942834183;0.0;0.8958;9.999999952316283;3.100000429153443
2022-03-30;13.399999618530273;13.699999809265137;12.899999618530273;13.100000381469727;13.100000381469727;790630;0.0;215.77000000000015;12.899999618530273;13.699999809265137;13.399999618530273;0.0;-0.08396949232350437;0.8924;10.17999997138977;2.9200004100799557
2022-03-31;12.5;12.800000190734863;12.0;12.0;12.0;916770;-8.4;207.37000000000015;12.0;12.800000190734863;12.5;-0.08396949232350437;-0.008333365122477177;0.9626;10.299999952316284;1.7000000476837158
2022-04-01;12.199999809265137;12.5;11.800000190734863;11.899999618530273;11.899999618530273;421210;-0.83;206.54000000000013;11.800000190734863;12.5;12.199999809265137;-0.008333365122477177;0.008403393670198822;0.9446;10.434999942779541;1.4649996757507324
2022-04-04;12.0;12.100000381469727;11.600000381469727;12.0;12.0;398230;0.84;207.38000000000014;11.600000381469727;12.100000381469727;12.0;0.008403393670198822;-0.016666650772094727;0.9286;10.589999961853028;1.410000038146972
2022-04-05;12.100000381469727;12.800000190734863;11.699999809265137;11.800000190734863;11.800000190734863;881520;-1.67;205.71000000000015;11.699999809265137;12.800000190734863;12.100000381469727;-0.016666650772094727;-0.05084748913316417;0.9356;10.724999952316285;1.0750002384185784
2022-04-06;11.899999618530273;11.899999618530273;11.100000381469727;11.199999809265137;11.199999809265137;572410;-5.08;200.63000000000014;11.100000381469727;11.899999618530273;11.899999618530273;-0.05084748913316417;0.0;0.9609;10.814999961853028;0.384999847412109
2022-04-07;11.399999618530273;11.600000381469727;11.100000381469727;11.199999809265137;11.199999809265137;240960;0.0;200.63000000000014;11.100000381469727;11.600000381469727;11.399999618530273;0.0;-0.05357137839404824;0.9585;10.90999994277954;0.28999986648559606
2022-04-08;11.199999809265137;11.300000190734863;10.5;10.600000381469727;10.600000381469727;423420;-5.36;195.27000000000012;10.5;11.300000190734863;11.199999809265137;-0.05357137839404824;0.009433907943081188;0.9478;11.00499997138977;-0.4049995899200436
2022-04-11;10.399999618530273;10.899999618530273;10.300000190734863;10.699999809265137;10.699999809265137;367700;0.94;196.21000000000012;10.300000190734863;10.899999618530273;10.399999618530273;0.009433907943081188;-0.03738314258509734;0.9322;11.119999980926513;-0.4200001716613766
2022-04-12;10.899999618530273;11.0;10.199999809265137;10.300000190734863;10.300000190734863;482520;-3.74;192.4700000000001;10.199999809265137;11.0;10.899999618530273;-0.03738314258509734;0.0;0.9454;11.2;-0.899999809265136
2022-04-13;10.399999618530273;10.600000381469727;10.100000381469727;10.300000190734863;10.300000190734863;377550;0.0;192.4700000000001;10.100000381469727;10.600000381469727;10.399999618530273;0.0;-0.00970877472018683;0.9447;11.27000002861023;-0.9699998378753669
2022-04-14;10.399999618530273;10.5;10.100000381469727;10.199999809265137;10.199999809265137;200060;-0.97;191.5000000000001;10.100000381469727;10.5;10.399999618530273;-0.00970877472018683;0.0;0.9466;11.335000038146973;-1.135000228881836
2022-04-18;10.300000190734863;10.399999618530273;10.0;10.199999809265137;10.199999809265137;243220;0.0;191.5000000000001;10.0;10.399999618530273;10.300000190734863;0.0;0.01960782480441492;0.8432;11.34500002861023;-1.1450002193450928
2022-04-19;10.199999809265137;10.5;10.100000381469727;10.399999618530273;10.399999618530273;287980;1.96;193.46000000000012;10.100000381469727;10.5;10.199999809265137;0.01960782480441492;-0.03846150319251662;0.8431;11.355000019073486;-0.9550004005432129
2022-04-20;10.5;10.5;10.0;10.0;10.0;225450;-3.85;189.61000000000013;10.0;10.5;10.5;-0.03846150319251662;-0.039999961853027344;0.8485;11.330000019073486;-1.330000019073486
2022-04-22;9.899999618530273;10.100000381469727;9.600000381469727;9.600000381469727;9.600000381469727;228770;-4.0;185.61000000000013;9.600000381469727;10.100000381469727;9.899999618530273;-0.039999961853027344;0.031249919285380123;0.8557;11.275000047683715;-1.6749996662139885
2022-04-25;9.600000381469727;10.300000190734863;9.399999618530273;9.899999618530273;9.899999618530273;654920;3.12;188.73000000000013;9.399999618530273;10.300000190734863;9.600000381469727;0.031249919285380123;-0.04040400342860384;0.7309;11.170000028610229;-1.2700004100799553
2022-04-26;9.899999618530273;10.0;9.5;9.5;9.5;285790;-4.04;184.69000000000014;9.5;10.0;9.899999618530273;-0.04040400342860384;0.0;0.7345;11.065000009536742;-1.5650000095367425
2022-04-27;9.699999809265137;9.800000190734863;9.300000190734863;9.5;9.5;223000;0.0;184.69000000000014;9.300000190734863;9.800000190734863;9.699999809265137;0.0;-0.01052635594418172;0.4534;10.875;-1.375
2022-04-28;9.600000381469727;9.699999809265137;9.199999809265137;9.399999618530273;9.399999618530273;245270;-1.05;183.64000000000013;9.199999809265137;9.699999809265137;9.600000381469727;-0.01052635594418172;0.13829789824375793;0.4539;10.689999961853028;-1.2900003433227543
2022-04-29;9.600000381469727;10.800000190734863;9.600000381469727;10.699999809265137;10.699999809265137;1338130;13.83;197.47000000000014;9.600000381469727;10.800000190734863;9.600000381469727;0.13829789824375793;0.00934583021049562;0.7113;10.569999933242798;0.12999987602233887
2022-05-02;10.800000190734863;11.399999618530273;10.300000190734863;10.800000190734863;10.800000190734863;605460;0.93;198.40000000000015;10.300000190734863;11.399999618530273;10.800000190734863;0.00934583021049562;-0.04629629547867431;0.656;10.50999994277954;0.290000247955323
2022-05-03;10.899999618530273;10.899999618530273;10.199999809265137;10.300000190734863;10.300000190734863;266090;-4.63;193.77000000000015;10.199999809265137;10.899999618530273;10.899999618530273;-0.04629629547867431;0.019417456850636006;0.6726;10.42999997138977;-0.12999978065490758
2022-05-04;10.100000381469727;10.600000381469727;10.0;10.5;10.5;301850;1.94;195.71000000000015;10.0;10.600000381469727;10.100000381469727;0.019417456850636006;-0.04761904761904767;0.677;10.35499997138977;0.1450000286102302
2022-05-05;10.399999618530273;10.399999618530273;9.699999809265137;10.0;10.0;339100;-4.76;190.95000000000016;9.699999809265137;10.399999618530273;10.399999618530273;-0.04761904761904767;-0.039999961853027344;0.6923;10.264999961853027;-0.264999961853027
2022-05-06;9.899999618530273;10.100000381469727;9.399999618530273;9.600000381469727;9.600000381469727;258880;-4.0;186.95000000000016;9.399999618530273;10.100000381469727;9.899999618530273;-0.039999961853027344;-0.041666724615624595;0.6843;10.184999990463258;-0.584999608993531
2022-05-09;9.399999618530273;9.699999809265137;8.899999618530273;9.199999809265137;9.199999809265137;447760;-4.17;182.78000000000017;8.899999618530273;9.699999809265137;9.399999618530273;-0.041666724615624595;0.0;0.6947;10.084999990463256;-0.8850001811981194
2022-05-10;9.300000190734863;9.5;8.800000190734863;9.199999809265137;9.199999809265137;332690;0.0;182.78000000000017;8.800000190734863;9.5;9.300000190734863;0.0;-0.010869503246587309;0.6747;10.014999961853027;-0.8150001525878903
2022-05-11;9.399999618530273;9.5;8.899999618530273;9.100000381469727;9.100000381469727;269260;-1.09;181.69000000000017;8.899999618530273;9.5;9.399999618530273;-0.010869503246587309;0.04395600019366919;0.6723;9.934999990463258;-0.834999608993531
2022-05-12;9.0;9.699999809265137;8.899999618530273;9.5;9.5;310010;4.4;186.09000000000017;8.899999618530273;9.699999809265137;9.0;0.04395600019366919;0.0;0.6858;9.894999980926514;-0.39499998092651367
2022-05-13;9.600000381469727;9.800000190734863;9.399999618530273;9.5;9.5;330830;0.0;186.09000000000017;9.399999618530273;9.800000190734863;9.600000381469727;0.0;0.0;0.6858;9.85499997138977;-0.3549999713897698
2022-05-16;9.600000381469727;9.699999809265137;9.199999809265137;9.5;9.5;339590;0.0;186.09000000000017;9.199999809265137;9.699999809265137;9.600000381469727;0.0;0.0;0.6855;9.819999980926514;-0.3199999809265144
2022-05-17;9.699999809265137;9.800000190734863;9.399999618530273;9.5;9.5;229550;0.0;186.09000000000017;9.399999618530273;9.800000190734863;9.699999809265137;0.0;-0.052631578947368474;0.6855;9.784999990463257;-0.2849999904632572
2022-05-18;9.300000190734863;9.5;9.0;9.0;9.0;219750;-5.26;180.83000000000018;9.0;9.5;9.300000190734863;-0.052631578947368474;0.011111153496636383;0.702;9.715000009536743;-0.7150000095367428
2022-05-19;9.0;9.199999809265137;8.899999618530273;9.100000381469727;9.100000381469727;121830;1.11;181.9400000000002;8.899999618530273;9.199999809265137;9.0;0.011111153496636383;0.0;0.6939;9.670000028610229;-0.5699996471405022
2022-05-20;9.199999809265137;9.300000190734863;9.0;9.100000381469727;9.100000381469727;208120;0.0;181.9400000000002;9.0;9.300000190734863;9.199999809265137;0.0;0.021978000096834593;0.6807;9.64500002861023;-0.5449996471405036
2022-05-23;9.199999809265137;9.399999618530273;9.100000381469727;9.300000190734863;9.300000190734863;139570;2.2;184.14000000000019;9.100000381469727;9.399999618530273;9.199999809265137;0.021978000096834593;-0.021505355393904968;0.6755;9.61500005722046;-0.3149998664855964
2022-05-24;9.199999809265137;9.300000190734863;9.0;9.100000381469727;9.100000381469727;122160;-2.15;181.99000000000018;9.0;9.300000190734863;9.199999809265137;-0.021505355393904968;-0.010989052448102776;0.6646;9.595000076293946;-0.49499969482421946
2022-05-25;9.100000381469727;9.399999618530273;9.0;9.0;9.0;157420;-1.1;180.89000000000019;9.0;9.399999618530273;9.100000381469727;-0.010989052448102776;0.02222220102945971;0.6654;9.570000076293946;-0.5700000762939457
2022-05-26;9.100000381469727;9.300000190734863;9.0;9.199999809265137;9.199999809265137;312850;2.22;183.11000000000018;9.0;9.300000190734863;9.100000381469727;0.02222220102945971;-0.010869503246587309;0.6699;9.560000085830689;-0.3600002765655521
2022-05-27;9.199999809265137;9.300000190734863;9.0;9.100000381469727;9.100000381469727;195520;-1.09;182.02000000000018;9.0;9.300000190734863;9.199999809265137;-0.010869503246587309;-0.010989052448102776;0.4254;9.480000114440918;-0.37999973297119105
2022-05-30;9.100000381469727;9.199999809265137;8.899999618530273;9.0;9.0;233000;-1.1;180.9200000000002;8.899999618530273;9.199999809265137;9.100000381469727;-0.010989052448102776;-0.011111153496636272;0.4206;9.390000104904175;-0.3900001049041748
2022-05-31;9.0;9.100000381469727;8.899999618530273;8.899999618530273;8.899999618530273;148060;-1.11;179.81000000000017;8.899999618530273;9.100000381469727;9.0;-0.011111153496636272;-0.02247188964466096;0.3968;9.320000076293946;-0.42000045776367223
2022-06-01;8.899999618530273;9.0;8.600000381469727;8.699999809265137;8.699999809265137;243490;-2.25;177.56000000000017;8.600000381469727;9.0;8.899999618530273;-0.02247188964466096;0.011494296972653917;0.3876;9.230000066757203;-0.5300002574920661
2022-06-02;8.800000190734863;9.0;8.699999809265137;8.800000190734863;8.800000190734863;150590;1.15;178.71000000000018;8.699999809265137;9.0;8.800000190734863;0.011494296972653917;0.011363571094088698;0.3658;9.170000076293945;-0.36999988555908203
2022-06-03;8.800000190734863;8.899999618530273;8.600000381469727;8.899999618530273;8.899999618530273;139490;1.14;179.85000000000016;8.600000381469727;8.899999618530273;8.800000190734863;0.011363571094088698;-0.033707780889780325;0.3477;9.135000038146973;-0.23500041961669993
2022-06-06;8.899999618530273;9.0;8.600000381469727;8.600000381469727;8.600000381469727;136620;-3.37;176.48000000000016;8.600000381469727;9.0;8.899999618530273;-0.033707780889780325;0.0;0.3371;9.105000066757203;-0.5049996852874763
2022-06-07;8.699999809265137;8.800000190734863;8.5;8.600000381469727;8.600000381469727;124370;0.0;176.48000000000016;8.5;8.800000190734863;8.699999809265137;0.0;-0.023255901635817477;0.3371;9.075000095367432;-0.4749997138977058
2022-06-08;8.699999809265137;8.699999809265137;8.399999618530273;8.399999618530273;8.399999618530273;118250;-2.33;174.15000000000015;8.399999618530273;8.699999809265137;8.699999809265137;-0.023255901635817477;0.0;0.3437;9.040000057220459;-0.6400004386901852
2022-06-09;8.399999618530273;8.600000381469727;8.199999809265137;8.399999618530273;8.399999618530273;177200;0.0;174.15000000000015;8.199999809265137;8.600000381469727;8.399999618530273;0.0;-0.035714196510051366;0.2947;8.985000038146973;-0.5850004196166996
2022-06-10;8.300000190734863;8.399999618530273;7.900000095367432;8.100000381469727;8.100000381469727;236450;-3.57;170.58000000000015;7.900000095367432;8.399999618530273;8.300000190734863;-0.035714196510051366;-0.07407411768057937;0.3118;8.915000057220459;-0.8149996757507321
2022-06-13;7.800000190734863;7.900000095367432;7.400000095367432;7.5;7.5;162770;-7.41;163.17000000000016;7.400000095367432;7.900000095367432;7.800000190734863;-0.07407411768057937;-0.04000002543131509;0.3888;8.815000057220459;-1.315000057220459
2022-06-14;7.5;7.699999809265137;7.0;7.199999809265137;7.199999809265137;200930;-4.0;159.17000000000016;7.0;7.699999809265137;7.5;-0.04000002543131509;0.04166669426141034;0.3989;8.700000047683716;-1.500000238418579
2022-06-15;7.300000190734863;7.599999904632568;7.199999809265137;7.5;7.5;273900;4.17;163.34000000000015;7.199999809265137;7.599999904632568;7.300000190734863;0.04166669426141034;-0.026666641235351562;0.4162;8.625000047683717;-1.1250000476837165
2022-06-17;7.300000190734863;7.400000095367432;7.199999809265137;7.300000190734863;7.300000190734863;127620;-2.67;160.67000000000016;7.199999809265137;7.400000095367432;7.300000190734863;-0.026666641235351562;-0.0136986820351932;0.4139;8.535000038146972;-1.2349998474121087
2022-06-20;7.300000190734863;7.400000095367432;6.900000095367432;7.199999809265137;7.199999809265137;200350;-1.37;159.30000000000015;6.900000095367432;7.400000095367432;7.300000190734863;-0.0136986820351932;-0.02777775202268362;0.4121;8.440000009536742;-1.2400002002716057
2022-06-21;7.199999809265137;7.300000190734863;6.900000095367432;7.0;7.0;209530;-2.78;156.52000000000015;6.900000095367432;7.300000190734863;7.199999809265137;-0.02777775202268362;-0.014285700661795464;0.3963;8.325;-1.3249999999999993
2022-06-22;6.900000095367432;7.099999904632568;6.800000190734863;6.900000095367432;6.900000095367432;164570;-1.43;155.09000000000015;6.800000190734863;7.099999904632568;6.900000095367432;-0.014285700661795464;0.014492739601511984;0.3953;8.214999985694885;-1.314999890327453
2022-06-23;7.0;7.300000190734863;6.900000095367432;7.0;7.0;364480;1.45;156.54000000000013;6.900000095367432;7.300000190734863;7.0;0.014492739601511984;-0.014285700661795464;0.4075;8.114999985694885;-1.114999985694885
2022-06-24;7.099999904632568;7.199999809265137;6.900000095367432;6.900000095367432;6.900000095367432;204160;-1.43;155.11000000000013;6.900000095367432;7.199999809265137;7.099999904632568;-0.014285700661795464;0.0;0.3867;8.0;-1.0999999046325684
2022-06-27;7.0;7.199999809265137;6.900000095367432;6.900000095367432;6.900000095367432;130240;0.0;155.11000000000013;6.900000095367432;7.199999809265137;7.0;0.0;-0.014492739601511984;0.3898;7.889999985694885;-0.9899998903274536
2022-06-28;7.0;7.099999904632568;6.699999809265137;6.800000190734863;6.800000190734863;201850;-1.45;153.66000000000014;6.699999809265137;7.099999904632568;7.0;-0.014492739601511984;-0.07352940970226152;0.3897;7.779999995231629;-0.9799998044967655
2022-06-29;6.699999809265137;6.800000190734863;6.300000190734863;6.300000190734863;6.300000190734863;257980;-7.35;146.31000000000014;6.300000190734863;6.800000190734863;6.699999809265137;-0.07352940970226152;-0.04761907645273733;0.4436;7.650000023841858;-1.3499998331069945
2022-06-30;6.0;6.199999809265137;5.900000095367432;6.0;6.0;282620;-4.76;141.55000000000015;5.900000095367432;6.199999809265137;6.0;-0.04761907645273733;0.0;0.4567;7.515000033378601;-1.515000033378601
2022-07-01;6.0;6.199999809265137;5.800000190734863;6.0;6.0;195090;0.0;141.55000000000015;5.800000190734863;6.199999809265137;6.0;0.0;-0.016666650772094727;0.4486;7.375000023841858;-1.3750000238418583
2022-07-04;6.0;6.300000190734863;5.900000095367432;5.900000095367432;5.900000095367432;162130;-1.67;139.88000000000017;5.900000095367432;6.300000190734863;6.0;-0.016666650772094727;0.0;0.4346;7.225000047683716;-1.3249999523162845
2022-07-05;5.900000095367432;6.0;5.599999904632568;5.900000095367432;5.900000095367432;209330;0.0;139.88000000000017;5.599999904632568;6.0;5.900000095367432;0.0;0.05084740831330814;0.437;7.090000033378601;-1.1899999380111694
2022-07-06;6.0;6.400000095367432;5.800000190734863;6.199999809265137;6.199999809265137;407720;5.08;144.96000000000018;5.800000190734863;6.400000095367432;6.0;0.05084740831330814;0.048387129026447706;0.4982;6.970000004768371;-0.7700001955032345
2022-07-07;6.400000095367432;6.699999809265137;6.199999809265137;6.5;6.5;229950;4.84;149.80000000000018;6.199999809265137;6.699999809265137;6.400000095367432;0.048387129026447706;0.030769201425405734;0.5464;6.875000023841858;-0.37500002384185827
2022-07-08;6.5;6.900000095367432;6.5;6.699999809265137;6.699999809265137;399360;3.08;152.8800000000002;6.5;6.900000095367432;6.5;0.030769201425405734;-0.05970143730110733;0.5661;6.790000033378601;-0.09000022411346453
2022-07-11;6.5;6.599999904632568;6.300000190734863;6.300000190734863;6.300000190734863;187120;-5.97;146.9100000000002;6.300000190734863;6.599999904632568;6.5;-0.05970143730110733;0.03174600050953447;0.5862;6.7000000238418576;-0.3999998331069943
2022-07-12;6.300000190734863;6.699999809265137;6.099999904632568;6.5;6.5;323940;3.17;150.08000000000018;6.099999904632568;6.699999809265137;6.300000190734863;0.03174600050953447;0.0;0.5568;6.650000023841858;-0.15000002384185773
2022-07-13;6.5;6.599999904632568;6.300000190734863;6.5;6.5;325060;0.0;150.08000000000018;6.300000190734863;6.599999904632568;6.5;0.0;-0.030769201425405623;0.5429;6.615000033378601;-0.11500003337860143
2022-07-14;6.400000095367432;6.5;6.199999809265137;6.300000190734863;6.300000190734863;168290;-3.08;147.00000000000017;6.199999809265137;6.5;6.400000095367432;-0.030769201425405623;-0.04761907645273733;0.5216;6.555000042915344;-0.2549998521804806
2022-07-15;6.300000190734863;6.300000190734863;6.0;6.0;6.0;205930;-4.76;142.24000000000018;6.0;6.300000190734863;6.300000190734863;-0.04761907645273733;-0.03333330154418945;0.5365;6.490000033378601;-0.49000003337860143
2022-07-18;6.099999904632568;6.300000190734863;5.800000190734863;5.800000190734863;5.800000190734863;257950;-3.33;138.91000000000017;5.800000190734863;6.300000190734863;6.099999904632568;-0.03333330154418945;0.03448272460139301;0.5432;6.420000052452087;-0.6199998617172238
2022-07-19;6.0;6.099999904632568;5.800000190734863;6.0;6.0;162660;3.45;142.36000000000016;5.800000190734863;6.099999904632568;6.0;0.03448272460139301;0.03333330154418945;0.5611;6.370000052452087;-0.3700000524520872
2022-07-20;5.900000095367432;6.400000095367432;5.900000095367432;6.199999809265137;6.199999809265137;387780;3.33;145.69000000000017;5.900000095367432;6.400000095367432;5.900000095367432;0.03333330154418945;0.03225811165403902;0.5782;6.335000038146973;-0.13500022888183594
2022-07-21;6.300000190734863;6.599999904632568;6.300000190734863;6.400000095367432;6.400000095367432;366170;3.23;148.92000000000016;6.300000190734863;6.599999904632568;6.300000190734863;0.03225811165403902;-0.03125004423782163;0.5893;6.305000042915344;0.09500005245208776
2022-07-22;6.5;6.599999904632568;6.099999904632568;6.199999809265137;6.199999809265137;173410;-3.13;145.79000000000016;6.099999904632568;6.599999904632568;6.5;-0.03125004423782163;-0.016129017372408794;0.5964;6.270000028610229;-0.0700002193450926
2022-07-25;6.300000190734863;6.400000095367432;6.099999904632568;6.099999904632568;6.099999904632568;224780;-1.61;144.18000000000015;6.099999904632568;6.400000095367432;6.300000190734863;-0.016129017372408794;-0.03278685449048113;0.5975;6.230000019073486;-0.13000011444091797
2022-07-26;6.099999904632568;6.199999809265137;5.900000095367432;5.900000095367432;5.900000095367432;195560;-3.28;140.90000000000015;5.900000095367432;6.199999809265137;6.099999904632568;-0.03278685449048113;0.016949136104436047;0.6046;6.185000014305115;-0.2849999189376833
2022-07-27;6.0;6.099999904632568;5.800000190734863;6.0;6.0;223290;1.69;142.59000000000015;5.800000190734863;6.099999904632568;6.0;0.016949136104436047;0.016666650772094727;0.5546;6.170000004768371;-0.1700000047683714
2022-07-28;6.0;6.199999809265137;5.900000095367432;6.099999904632568;6.099999904632568;157720;1.67;144.26000000000013;5.900000095367432;6.199999809265137;6.0;0.016666650772094727;-0.03278685449048113;0.5306;6.175;-0.07500009536743146
2022-07-29;6.099999904632568;6.199999809265137;5.900000095367432;5.900000095367432;5.900000095367432;299890;-3.28;140.98000000000013;5.900000095367432;6.199999809265137;6.099999904632568;-0.03278685449048113;0.0;0.5443;6.170000004768371;-0.26999990940093976
2022-08-01;6.0;6.099999904632568;5.900000095367432;5.900000095367432;5.900000095367432;188180;0.0;140.98000000000013;5.900000095367432;6.099999904632568;6.0;0.0;0.016949136104436047;0.5409;6.170000004768371;-0.26999990940093976
2022-08-02;6.0;6.099999904632568;5.900000095367432;6.0;6.0;198960;1.69;142.67000000000013;5.900000095367432;6.099999904632568;6.0;0.016949136104436047;0.03333330154418945;0.544;6.175;-0.17499999999999982
2022-08-03;6.0;6.400000095367432;5.900000095367432;6.199999809265137;6.199999809265137;480490;3.33;146.00000000000014;5.900000095367432;6.400000095367432;6.0;0.03333330154418945;0.048387129026447706;0.5261;6.175;0.024999809265136896
2022-08-04;6.300000190734863;6.900000095367432;6.300000190734863;6.5;6.5;823230;4.84;150.84000000000015;6.300000190734863;6.900000095367432;6.300000190734863;0.048387129026447706;0.0;0.5261;6.175;0.3250000000000002
2022-08-05;6.599999904632568;6.699999809265137;6.300000190734863;6.5;6.5;482670;0.0;150.84000000000015;6.300000190734863;6.699999809265137;6.599999904632568;0.0;0.015384600712702756;0.5139;6.165000009536743;0.334999990463257
2022-08-08;6.599999904632568;7.800000190734863;6.5;6.599999904632568;6.599999904632568;1895180;1.54;152.38000000000014;6.5;7.800000190734863;6.599999904632568;0.015384600712702756;-0.030303001841675226;0.4671;6.179999995231628;0.4199999094009401
2022-08-09;6.699999809265137;6.699999809265137;6.199999809265137;6.400000095367432;6.400000095367432;531600;-3.03;149.35000000000014;6.199999809265137;6.699999809265137;6.699999809265137;-0.030303001841675226;0.015624984866008385;0.4679;6.175;0.22500009536743182
2022-08-10;6.599999904632568;6.800000190734863;6.400000095367432;6.5;6.5;441150;1.56;150.91000000000014;6.400000095367432;6.800000190734863;6.599999904632568;0.015624984866008385;-0.030769201425405623;0.4714;6.175;0.3250000000000002
2022-08-11;6.599999904632568;6.900000095367432;6.199999809265137;6.300000190734863;6.300000190734863;667410;-3.08;147.83000000000013;6.199999809265137;6.900000095367432;6.599999904632568;-0.030769201425405623;0.03174600050953447;0.4714;6.175;0.12500019073486346
2022-08-12;6.5;6.5;6.300000190734863;6.5;6.5;328330;3.17;151.0000000000001;6.300000190734863;6.5;6.5;0.03174600050953447;0.061538476210374116;0.4477;6.2;0.2999999999999998
2022-08-15;6.400000095367432;7.0;6.300000190734863;6.900000095367432;6.900000095367432;866020;6.15;157.15000000000012;6.300000190734863;7.0;6.400000095367432;0.061538476210374116;-0.028985548309857667;0.4679;6.254999995231628;0.6450001001358032
2022-08-16;6.900000095367432;7.099999904632568;6.599999904632568;6.699999809265137;6.699999809265137;398110;-2.9;154.2500000000001;6.599999904632568;7.099999904632568;6.900000095367432;-0.028985548309857667;-0.029850718650553665;0.4764;6.289999985694886;0.4099998235702511
2022-08-17;6.699999809265137;6.800000190734863;6.300000190734863;6.5;6.5;388260;-2.99;151.2600000000001;6.300000190734863;6.800000190734863;6.699999809265137;-0.029850718650553665;-0.015384600712702867;0.481;6.304999995231628;0.19500000476837176
2022-08-18;6.5;6.599999904632568;6.300000190734863;6.400000095367432;6.400000095367432;363950;-1.54;149.7200000000001;6.300000190734863;6.599999904632568;6.5;-0.015384600712702867;-0.04687502910383001;0.472;6.304999995231628;0.0950001001358034
2022-08-19;6.300000190734863;6.300000190734863;6.0;6.099999904632568;6.099999904632568;512280;-4.69;145.03000000000011;6.0;6.300000190734863;6.300000190734863;-0.04687502910383001;-0.01639342724524051;0.4889;6.3;-0.20000009536743146
2022-08-22;6.099999904632568;6.099999904632568;5.900000095367432;6.0;6.0;455910;-1.64;143.39000000000013;5.900000095367432;6.099999904632568;6.099999904632568;-0.01639342724524051;0.016666650772094727;0.489;6.295000004768371;-0.2950000047683714
2022-08-23;6.099999904632568;6.199999809265137;6.0;6.099999904632568;6.099999904632568;295010;1.67;145.06000000000012;6.0;6.199999809265137;6.099999904632568;0.016666650772094727;0.01639342724524062;0.4769;6.304999995231628;-0.20500009059905988
2022-08-24;6.099999904632568;6.400000095367432;6.099999904632568;6.199999809265137;6.199999809265137;265300;1.64;146.7000000000001;6.099999904632568;6.400000095367432;6.099999904632568;0.01639342724524062;0.01612909428163012;0.4766;6.314999985694885;-0.11500017642974836
2022-08-25;6.300000190734863;6.400000095367432;6.199999809265137;6.300000190734863;6.300000190734863;150490;1.61;148.31000000000012;6.199999809265137;6.400000095367432;6.300000190734863;0.01612909428163012;-0.015873075943202752;0.4764;6.325;-0.024999809265136896
2022-08-26;6.300000190734863;6.400000095367432;6.099999904632568;6.199999809265137;6.199999809265137;112340;-1.59;146.7200000000001;6.099999904632568;6.400000095367432;6.300000190734863;-0.015873075943202752;-0.016129017372408794;0.4636;6.339999985694885;-0.1400001764297487
2022-08-29;6.199999809265137;6.300000190734863;6.099999904632568;6.099999904632568;6.099999904632568;205720;-1.61;145.1100000000001;6.099999904632568;6.300000190734863;6.199999809265137;-0.016129017372408794;-0.04918028173572164;0.4685;6.349999976158142;-0.2500000715255739
2022-08-30;6.0;6.199999809265137;5.800000190734863;5.800000190734863;5.800000190734863;240270;-4.92;140.1900000000001;5.800000190734863;6.199999809265137;6.0;-0.04918028173572164;0.0;0.4985;6.339999985694885;-0.5399997949600222
2022-08-31;6.0;6.0;5.800000190734863;5.800000190734863;5.800000190734863;193010;0.0;140.1900000000001;5.800000190734863;6.0;6.0;0.0;0.017241362300696395;0.4816;6.320000004768372;-0.5199998140335085
2022-09-01;5.800000190734863;6.0;5.699999809265137;5.900000095367432;5.900000095367432;248890;1.72;141.9100000000001;5.699999809265137;6.0;5.800000190734863;0.017241362300696395;-0.03389835302872812;0.4492;6.290000009536743;-0.38999991416931135
2022-09-02;6.0;6.099999904632568;5.699999809265137;5.699999809265137;5.699999809265137;585150;-3.39;138.52000000000012;5.699999809265137;6.099999904632568;6.0;-0.03389835302872812;0.017543927160695638;0.4607;6.25;-0.5500001907348633
2022-09-05;5.800000190734863;5.900000095367432;5.699999809265137;5.800000190734863;5.800000190734863;173470;1.75;140.27000000000012;5.699999809265137;5.900000095367432;5.800000190734863;0.017543927160695638;-0.017241444513996895;0.4621;6.210000014305114;-0.4099998235702511
2022-09-06;5.800000190734863;5.900000095367432;5.599999904632568;5.699999809265137;5.699999809265137;264220;-1.72;138.55000000000013;5.599999904632568;5.900000095367432;5.800000190734863;-0.017241444513996895;0.0;0.4553;6.175;-0.4750001907348631
2022-09-08;5.800000190734863;5.900000095367432;5.599999904632568;5.699999809265137;5.699999809265137;247020;0.0;138.55000000000013;5.599999904632568;5.900000095367432;5.800000190734863;0.0;0.017543927160695638;0.4491;6.134999990463257;-0.4350001811981201
2022-09-09;5.699999809265137;5.900000095367432;5.699999809265137;5.800000190734863;5.800000190734863;185220;1.75;140.30000000000013;5.699999809265137;5.900000095367432;5.699999809265137;0.017543927160695638;0.0;0.4467;6.1099999904632565;-0.3099997997283932
2022-09-12;5.800000190734863;6.0;5.800000190734863;5.800000190734863;5.800000190734863;216160;0.0;140.30000000000013;5.800000190734863;6.0;5.800000190734863;0.0;-0.017241444513996895;0.427;6.075;-0.2749998092651369
2022-09-13;5.800000190734863;5.900000095367432;5.599999904632568;5.699999809265137;5.699999809265137;310460;-1.72;138.58000000000013;5.599999904632568;5.900000095367432;5.800000190734863;-0.017241444513996895;0.0;0.3475;6.014999985694885;-0.31500017642974854
2022-09-14;5.699999809265137;5.800000190734863;5.599999904632568;5.699999809265137;5.699999809265137;178070;0.0;138.58000000000013;5.599999904632568;5.800000190734863;5.699999809265137;0.0;0.0;0.3409;5.964999985694885;-0.2650001764297487
2022-09-15;5.699999809265137;6.099999904632568;5.699999809265137;5.699999809265137;5.699999809265137;678280;0.0;138.58000000000013;5.699999809265137;6.099999904632568;5.699999809265137;0.0;-0.017543843505051004;0.3317;5.9249999761581424;-0.22500016689300573
2022-09-16;5.800000190734863;5.800000190734863;5.5;5.599999904632568;5.599999904632568;440680;-1.75;136.83000000000013;5.5;5.800000190734863;5.800000190734863;-0.017543843505051004;0.0;0.3325;5.884999966621399;-0.2850000619888302
2022-09-19;5.599999904632568;5.699999809265137;5.5;5.599999904632568;5.599999904632568;207810;0.0;136.83000000000013;5.5;5.699999809265137;5.599999904632568;0.0;0.0;0.2966;5.859999966621399;-0.26000006198883074
2022-09-20;5.599999904632568;5.699999809265137;5.5;5.599999904632568;5.599999904632568;153690;0.0;136.83000000000013;5.5;5.699999809265137;5.599999904632568;0.0;-0.017857126131349377;0.2933;5.839999961853027;-0.2400000572204588
2022-09-21;5.599999904632568;5.599999904632568;5.400000095367432;5.5;5.5;240090;-1.79;135.04000000000013;5.400000095367432;5.599999904632568;5.599999904632568;-0.017857126131349377;0.03636360168457031;0.2877;5.809999966621399;-0.3099999666213993
2022-09-22;5.599999904632568;5.699999809265137;5.400000095367432;5.699999809265137;5.699999809265137;211170;3.64;138.68000000000012;5.400000095367432;5.699999809265137;5.599999904632568;0.03636360168457031;-0.017543843505051004;0.3149;5.784999966621399;-0.08500015735626221
2022-09-23;5.599999904632568;5.599999904632568;5.400000095367432;5.599999904632568;5.599999904632568;277950;-1.75;136.93000000000012;5.400000095367432;5.599999904632568;5.599999904632568;-0.017543843505051004;0.0;0.3089;5.749999952316284;-0.150000047683716
2022-09-26;5.599999904632568;5.599999904632568;5.599999904632568;5.599999904632568;5.599999904632568;0;0.0;136.93000000000012;5.599999904632568;5.599999904632568;5.599999904632568;0.0;-0.07142858967489152;0.3071;5.719999957084656;-0.12000005245208722
2022-09-27;5.5;5.5;5.199999809265137;5.199999809265137;5.199999809265137;149350;-7.14;129.79000000000013;5.199999809265137;5.5;5.5;-0.07142858967489152;-0.01923075159625831;0.3864;5.674999952316284;-0.47500014305114746
2022-09-28;5.199999809265137;5.199999809265137;5.0;5.099999904632568;5.099999904632568;154990;-1.92;127.87000000000013;5.0;5.199999809265137;5.199999809265137;-0.01923075159625831;-0.01960782480441492;0.3573;5.63999993801117;-0.5400000333786013
2022-09-29;5.0;5.099999904632568;4.800000190734863;5.0;5.0;217510;-1.96;125.91000000000014;4.800000190734863;5.099999904632568;5.0;-0.01960782480441492;0.0;0.3596;5.599999928474427;-0.5999999284744266
2022-09-30;5.0;5.199999809265137;5.0;5.0;5.0;331500;0.0;125.91000000000014;5.0;5.199999809265137;5.0;0.0;0.039999961853027344;0.3491;5.554999923706054;-0.5549999237060543
2022-10-03;5.099999904632568;5.300000190734863;5.0;5.199999809265137;5.199999809265137;278810;4.0;129.91000000000014;5.0;5.300000190734863;5.099999904632568;0.039999961853027344;-0.01923075159625831;0.3741;5.529999923706055;-0.33000011444091815
2022-10-04;5.099999904632568;5.300000190734863;5.0;5.099999904632568;5.099999904632568;438280;-1.92;127.99000000000014;5.0;5.300000190734863;5.099999904632568;-0.01923075159625831;0.0;0.3683;5.49499990940094;-0.39500000476837194
2022-10-05;5.099999904632568;5.199999809265137;5.0;5.099999904632568;5.099999904632568;221760;0.0;127.99000000000014;5.0;5.199999809265137;5.099999904632568;0.0;0.0;0.3665;5.4649999141693115;-0.36500000953674316
2022-10-06;5.099999904632568;5.199999809265137;5.0;5.099999904632568;5.099999904632568;205890;0.0;127.99000000000014;5.0;5.199999809265137;5.099999904632568;0.0;-0.01960782480441492;0.3665;5.434999918937683;-0.3350000143051144
2022-10-07;5.099999904632568;5.099999904632568;5.0;5.0;5.0;72320;-1.96;126.03000000000014;5.0;5.099999904632568;5.099999904632568;-0.01960782480441492;-0.019999980926513672;0.3595;5.39499990940094;-0.39499990940093976
2022-10-10;5.0;5.0;4.900000095367432;4.900000095367432;4.900000095367432;61300;-2.0;124.03000000000014;4.900000095367432;5.0;5.0;-0.019999980926513672;0.020408143405366452;0.3612;5.349999904632568;-0.4499998092651367
2022-10-11;4.900000095367432;5.0;4.900000095367432;5.0;5.0;93580;2.04;126.07000000000015;4.900000095367432;5.0;4.900000095367432;0.020408143405366452;-0.019999980926513672;0.3732;5.314999914169311;-0.31499991416931117
2022-10-13;4.900000095367432;4.900000095367432;4.800000190734863;4.900000095367432;4.900000095367432;86600;-2.0;124.07000000000015;4.800000190734863;4.900000095367432;4.900000095367432;-0.019999980926513672;-0.040816384124437;0.3755;5.2749999284744264;-0.3749998331069948
2022-10-14;4.800000190734863;5.0;4.699999809265137;4.699999809265137;4.699999809265137;142070;-4.08;119.99000000000015;4.699999809265137;5.0;4.800000190734863;-0.040816384124437;-0.021276576317181495;0.3925;5.224999928474427;-0.5250001192092899
2022-10-17;4.800000190734863;4.800000190734863;4.599999904632568;4.599999904632568;4.599999904632568;119190;-2.13;117.86000000000016;4.599999904632568;4.800000190734863;4.800000190734863;-0.021276576317181495;-0.04347822030685711;0.3938;5.174999928474426;-0.5750000238418576
2022-10-18;4.599999904632568;4.699999809265137;4.300000190734863;4.400000095367432;4.400000095367432;251740;-4.35;113.51000000000016;4.300000190734863;4.699999809265137;4.599999904632568;-0.04347822030685711;-0.04545460949259217;0.4098;5.114999938011169;-0.7149998426437376
2022-10-19;4.400000095367432;4.400000095367432;4.199999809265137;4.199999809265137;4.199999809265137;128120;-4.55;108.96000000000016;4.199999809265137;4.400000095367432;4.400000095367432;-0.04545460949259217;-0.04761900436850974;0.4242;5.0449999332427975;-0.8450001239776608
2022-10-20;4.199999809265137;4.300000190734863;4.0;4.0;4.0;174350;-4.76;104.20000000000016;4.0;4.300000190734863;4.199999809265137;-0.04761900436850974;0.2250000238418579;0.4407;4.969999933242798;-0.9699999332427982
2022-10-21;3.9000000953674316;5.5;3.9000000953674316;4.900000095367432;4.900000095367432;1220360;22.5;126.70000000000016;3.9000000953674316;5.5;3.9000000953674316;0.2250000238418579;0.0;0.9496;4.929999947547913;-0.029999852180480957
2022-10-24;4.800000190734863;5.900000095367432;4.800000190734863;4.900000095367432;4.900000095367432;1617950;0.0;126.70000000000016;4.800000190734863;5.900000095367432;4.800000190734863;0.0;0.0;0.9488;4.894999957084655;0.005000138282776234
2022-10-25;5.0;5.300000190734863;4.800000190734863;4.900000095367432;4.900000095367432;679590;0.0;126.70000000000016;4.800000190734863;5.300000190734863;5.0;0.0;-0.040816384124437;0.9488;4.859999966621399;0.04000012874603254
2022-10-26;4.900000095367432;5.099999904632568;4.699999809265137;4.699999809265137;4.699999809265137;436350;-4.08;122.62000000000016;4.699999809265137;5.099999904632568;4.900000095367432;-0.040816384124437;0.021276677771900232;0.9264;4.834999966621399;-0.13500015735626203
2022-10-27;4.699999809265137;4.900000095367432;4.599999904632568;4.800000190734863;4.800000190734863;423630;2.13;124.75000000000016;4.599999904632568;4.900000095367432;4.699999809265137;0.021276677771900232;0.020833312637276835;0.9284;4.8199999809265135;-0.019999790191650213
2022-10-28;4.800000190734863;5.099999904632568;4.699999809265137;4.900000095367432;4.900000095367432;398900;2.08;126.83000000000015;4.699999809265137;5.099999904632568;4.800000190734863;0.020833312637276835;0.16326524455663627;0.9291;4.814999985694885;0.08500010967254656
2022-10-31;5.0;5.800000190734863;4.800000190734863;5.699999809265137;5.699999809265137;1021790;16.33;143.16000000000014;4.800000190734863;5.800000190734863;5.0;0.16326524455663627;0.10526322834159552;1.0941;4.849999976158142;0.8499998331069945
2022-11-01;6.400000095367432;6.599999904632568;5.900000095367432;6.300000190734863;6.300000190734863;1258640;10.53;153.69000000000014;5.900000095367432;6.599999904632568;6.400000095367432;0.10526322834159552;0.2698412313963503;1.1424;4.904999995231629;1.3950001955032345
2022-11-03;6.300000190734863;9.399999618530273;6.300000190734863;8.0;8.0;2960220;26.98;180.67000000000013;6.300000190734863;9.399999618530273;6.300000190734863;0.2698412313963503;0.01250004768371582;1.4558;5.05;2.95
2022-11-04;8.399999618530273;9.800000190734863;8.0;8.100000381469727;8.100000381469727;3171540;1.25;181.92000000000013;8.0;9.800000190734863;8.399999618530273;0.01250004768371582;-0.1728395686754971;1.4535;5.2000000238418576;2.900000357627869
2022-11-07;8.399999618530273;8.5;6.599999904632568;6.699999809265137;6.699999809265137;1421420;-17.28;164.64000000000013;6.599999904632568;8.5;8.399999618530273;-0.1728395686754971;0.11940301694166888;1.6164;5.280000019073486;1.4199997901916506
2022-11-08;6.699999809265137;8.399999618530273;6.5;7.5;7.5;2333110;11.94;176.58000000000013;6.5;8.399999618530273;6.699999809265137;0.11940301694166888;-0.10666669209798174;1.6481;5.405000019073486;2.094999980926514
2022-11-09;7.599999904632568;7.699999809265137;6.5;6.699999809265137;6.699999809265137;1392530;-10.67;165.91000000000014;6.5;7.699999809265137;7.599999904632568;-0.10666669209798174;0.05970150847083433;1.7073;5.495000004768372;1.2049998044967651
2022-11-10;6.699999809265137;7.300000190734863;6.400000095367432;7.099999904632568;7.099999904632568;1248950;5.97;171.88000000000014;6.400000095367432;7.300000190734863;6.699999809265137;0.05970150847083433;-0.05633804235778117;1.7129;5.6;1.4999999046325687
2022-11-11;7.900000095367432;8.100000381469727;6.599999904632568;6.699999809265137;6.699999809265137;1389720;-5.63;166.25000000000014;6.599999904632568;8.100000381469727;7.900000095367432;-0.05633804235778117;-0.029850718650553665;1.7297;5.689999985694885;1.0099998235702516
2022-11-14;7.0;7.099999904632568;6.5;6.5;6.5;600930;-2.99;163.26000000000013;6.5;7.099999904632568;7.0;-0.029850718650553665;-0.09230767763577974;1.7249;5.779999995231629;0.7200000047683712
2022-11-16;6.5;6.800000190734863;5.900000095367432;5.900000095367432;5.900000095367432;747900;-9.23;154.03000000000014;5.900000095367432;6.800000190734863;6.5;-0.09230767763577974;0.03389827220887209;1.7663;5.845000004768371;0.055000090599060414
2022-11-17;5.800000190734863;6.5;5.5;6.099999904632568;6.099999904632568;1520950;3.39;157.42000000000013;5.5;6.5;5.800000190734863;0.03389827220887209;-0.09836064164147051;1.7518;5.929999995231628;0.16999990940094012
2022-11-18;6.300000190734863;6.400000095367432;5.5;5.5;5.5;916190;-9.84;147.58000000000013;5.5;6.400000095367432;6.300000190734863;-0.09836064164147051;-0.018181800842285156;1.7885;5.995000004768372;-0.4950000047683716
2022-11-21;5.699999809265137;5.800000190734863;5.300000190734863;5.400000095367432;5.400000095367432;698360;-1.82;145.76000000000013;5.300000190734863;5.800000190734863;5.699999809265137;-0.018181800842285156;0.018518500530834592;1.7769;6.065000009536743;-0.6649999141693117
2022-11-22;5.5;5.599999904632568;5.300000190734863;5.5;5.5;445630;1.85;147.61000000000013;5.300000190734863;5.599999904632568;5.5;0.018518500530834592;-0.05454548922452063;1.605;6.095000004768371;-0.5950000047683712
2022-11-23;5.5;5.5;5.199999809265137;5.199999809265137;5.199999809265137;268600;-5.45;142.16000000000014;5.199999809265137;5.5;5.5;-0.05454548922452063;0.03846159489197354;1.6213;6.1099999904632565;-0.9100001811981198
2022-11-24;5.300000190734863;5.699999809265137;5.300000190734863;5.400000095367432;5.400000095367432;341980;3.85;146.01000000000013;5.300000190734863;5.699999809265137;5.300000190734863;0.03846159489197354;0.0;1.6246;6.134999990463257;-0.7349998950958252
2022-11-25;5.300000190734863;5.599999904632568;5.199999809265137;5.400000095367432;5.400000095367432;296830;0.0;146.01000000000013;5.199999809265137;5.599999904632568;5.300000190734863;0.0;-0.05555558989567955;1.6142;6.170000004768371;-0.7699999094009398
2022-11-28;5.199999809265137;5.400000095367432;5.099999904632568;5.099999904632568;5.099999904632568;217700;-5.56;140.45000000000013;5.099999904632568;5.400000095367432;5.199999809265137;-0.05555558989567955;0.0;1.6311;6.184999990463257;-1.0850000858306883
2022-11-29;5.099999904632568;5.300000190734863;4.900000095367432;5.099999904632568;5.099999904632568;458600;0.0;140.45000000000013;4.900000095367432;5.300000190734863;5.099999904632568;0.0;-0.01960782480441492;1.6306;6.1949999809265135;-1.0950000762939451
2022-11-30;5.0;5.199999809265137;4.800000190734863;5.0;5.0;403850;-1.96;138.49000000000012;4.800000190734863;5.199999809265137;5.0;-0.01960782480441492;0.0;1.5236;6.159999990463257;-1.1599999904632572
2022-12-01;4.900000095367432;5.099999904632568;4.800000190734863;5.0;5.0;324480;0.0;138.49000000000012;4.800000190734863;5.099999904632568;4.900000095367432;0.0;0.0;1.4699;6.094999980926514;-1.0949999809265138
2022-12-02;4.900000095367432;5.099999904632568;4.800000190734863;5.0;5.0;460680;0.0;138.49000000000012;4.800000190734863;5.099999904632568;4.900000095367432;0.0;-0.019999980926513672;1.045;5.9449999809265135;-0.9449999809265135
2022-12-05;4.900000095367432;5.0;4.900000095367432;4.900000095367432;4.900000095367432;222650;-2.0;136.49000000000012;4.900000095367432;5.0;4.900000095367432;-0.019999980926513672;0.0;1.0375;5.784999966621399;-0.8849998712539673
2022-12-06;5.0;5.099999904632568;4.900000095367432;4.900000095367432;4.900000095367432;112920;0.0;136.49000000000012;4.900000095367432;5.099999904632568;5.0;0.0;0.0;0.8744;5.6949999809265135;-0.7949998855590819
2022-12-07;5.0;5.0;4.800000190734863;4.900000095367432;4.900000095367432;174320;0.0;136.49000000000012;4.800000190734863;5.0;5.0;0.0;-0.06122452752980356;0.7221;5.564999985694885;-0.6649998903274534
2022-12-08;4.800000190734863;4.800000190734863;4.5;4.599999904632568;4.599999904632568;302210;-6.12;130.37000000000012;4.5;4.800000190734863;4.800000190734863;-0.06122452752980356;-0.06521733046028577;0.6656;5.459999990463257;-0.8600000858306887
2022-12-09;4.599999904632568;4.800000190734863;4.300000190734863;4.300000190734863;4.300000190734863;488590;-6.52;123.85000000000012;4.300000190734863;4.800000190734863;4.599999904632568;-0.06521733046028577;0.02325579074346007;0.6189;5.320000004768372;-1.0199998140335085
2022-12-12;4.300000190734863;4.400000095367432;3.9000000953674316;4.400000095367432;4.400000095367432;522970;2.33;126.18000000000012;3.9000000953674316;4.400000095367432;4.300000190734863;0.02325579074346007;-0.022727250560256596;0.6281;5.205000019073486;-0.8049999237060543
2022-12-13;4.300000190734863;4.400000095367432;4.199999809265137;4.300000190734863;4.300000190734863;313680;-2.27;123.91000000000012;4.199999809265137;4.400000095367432;4.300000190734863;-0.022727250560256596;-0.04651169237927755;0.6272;5.0950000286102295;-0.7949998378753662
2022-12-14;4.199999809265137;4.199999809265137;4.0;4.099999904632568;4.099999904632568;374600;-4.65;119.26000000000012;4.0;4.199999809265137;4.199999809265137;-0.04651169237927755;-0.02439022120941492;0.5758;5.005000019073487;-0.9050001144409183
2022-12-15;4.099999904632568;4.300000190734863;4.0;4.0;4.0;270090;-2.44;116.82000000000012;4.0;4.300000190734863;4.099999904632568;-0.02439022120941492;-0.050000011920928955;0.5432;4.900000023841858;-0.9000000238418577
2022-12-16;4.0;4.199999809265137;3.799999952316284;3.799999952316284;3.799999952316284;317690;-5.0;111.82000000000012;3.799999952316284;4.199999809265137;4.0;-0.050000011920928955;0.02631582744894323;0.4737;4.8150000214576725;-1.0150000691413883
2022-12-19;3.799999952316284;4.0;3.700000047683716;3.9000000953674316;3.9000000953674316;185310;2.63;114.45000000000012;3.700000047683716;4.0;3.799999952316284;0.02631582744894323;0.02564100056083385;0.499;4.740000021457672;-0.8399999260902407
2022-12-20;3.9000000953674316;4.099999904632568;3.799999952316284;4.0;4.0;277300;2.56;117.01000000000012;3.799999952316284;4.099999904632568;3.9000000953674316;0.02564100056083385;0.0;0.506;4.665000021457672;-0.6650000214576721
2022-12-21;4.0;4.199999809265137;3.9000000953674316;4.0;4.0;202460;0.0;117.01000000000012;3.9000000953674316;4.199999809265137;4.0;0.0;0.3250000476837158;0.4866;4.6050000309944155;-0.6050000309944155
2022-12-22;4.0;6.0;4.0;5.300000190734863;5.300000190734863;2574900;32.5;149.5100000000001;4.0;6.0;4.0;0.3250000476837158;-0.09433961924644252;1.2881;4.600000035762787;0.7000001549720762
2022-12-23;5.300000190734863;5.599999904632568;4.699999809265137;4.800000190734863;4.800000190734863;896040;-9.43;140.0800000000001;4.699999809265137;5.599999904632568;5.300000190734863;-0.09433961924644252;0.10416666252745532;1.3326;4.570000040531158;0.230000150203705
2022-12-26;4.900000095367432;5.300000190734863;4.699999809265137;5.300000190734863;5.300000190734863;505270;10.42;150.50000000000009;4.699999809265137;5.300000190734863;4.900000095367432;0.10416666252745532;-0.05660380753557426;1.3691;4.580000054836273;0.7200001358985899
2022-12-27;5.800000190734863;5.900000095367432;5.0;5.0;5.0;1151620;-5.66;144.8400000000001;5.0;5.900000095367432;5.800000190734863;-0.05660380753557426;0.019999980926513672;1.3865;4.575000059604645;0.42499994039535505
2022-12-28;5.199999809265137;5.300000190734863;5.0;5.099999904632568;5.099999904632568;451150;2.0;146.8400000000001;5.0;5.300000190734863;5.199999809265137;0.019999980926513672;-0.01960782480441492;1.3853;4.580000054836273;0.519999849796295
2022-12-29;5.199999809265137;5.300000190734863;4.900000095367432;5.0;5.0;298790;-1.96;144.88000000000008;4.900000095367432;5.300000190734863;5.199999809265137;-0.01960782480441492;0.019999980926513672;1.3879;4.580000054836273;0.41999994516372663
2023-01-02;4.900000095367432;5.099999904632568;4.800000190734863;5.099999904632568;5.099999904632568;242050;2.0;146.88000000000008;4.800000190734863;5.099999904632568;4.900000095367432;0.019999980926513672;-0.01960782480441492;1.3891;4.585000050067902;0.5149998545646666
2023-01-03;5.099999904632568;5.599999904632568;4.900000095367432;5.0;5.0;926400;-1.96;144.92000000000007;4.900000095367432;5.599999904632568;5.099999904632568;-0.01960782480441492;0.0;1.389;4.59000004529953;0.4099999547004698
2023-01-04;5.199999809265137;5.199999809265137;4.800000190734863;5.0;5.0;555890;0.0;144.92000000000007;4.800000190734863;5.199999809265137;5.199999809265137;0.0;0.019999980926513672;1.389;4.595000040531159;0.4049999594688414
2023-01-05;5.0;5.400000095367432;4.900000095367432;5.099999904632568;5.099999904632568;1055820;2.0;146.92000000000007;4.900000095367432;5.400000095367432;5.0;0.019999980926513672;0.09803921751955857;1.39;4.6050000309944155;0.4949998736381529
2023-01-06;5.199999809265137;6.599999904632568;5.199999809265137;5.599999904632568;5.599999904632568;2612120;9.8;156.72000000000008;5.199999809265137;6.599999904632568;5.199999809265137;0.09803921751955857;0.035714337412192876;1.4039;4.655000030994415;0.9449998736381531
2023-01-09;5.599999904632568;6.0;5.300000190734863;5.800000190734863;5.800000190734863;897790;3.57;160.29000000000008;5.300000190734863;6.0;5.599999904632568;0.035714337412192876;-0.0344828068146934;1.3746;4.7300000309944155;1.0700001597404478
2023-01-10;5.699999809265137;5.900000095367432;5.5;5.599999904632568;5.599999904632568;731630;-3.45;156.8400000000001;5.5;5.900000095367432;5.699999809265137;-0.0344828068146934;0.017857126131349377;1.387;4.790000021457672;0.8099998831748962
2023-01-11;5.699999809265137;5.900000095367432;5.5;5.699999809265137;5.699999809265137;486760;1.79;158.63000000000008;5.5;5.900000095367432;5.699999809265137;0.017857126131349377;-0.08771930118089977;1.3797;4.860000002384186;0.8399998068809511
2023-01-12;5.599999904632568;5.599999904632568;5.199999809265137;5.199999809265137;5.199999809265137;652410;-8.77;149.86000000000007;5.199999809265137;5.599999904632568;5.599999904632568;-0.08771930118089977;-0.01923075159625831;1.4124;4.914999997615814;0.28499981164932287
2023-01-13;5.300000190734863;5.400000095367432;5.0;5.099999904632568;5.099999904632568;480940;-1.92;147.94000000000008;5.0;5.400000095367432;5.300000190734863;-0.01923075159625831;-0.03921564960882995;1.4106;4.969999992847443;0.12999991178512538
2023-01-16;5.099999904632568;5.099999904632568;4.900000095367432;4.900000095367432;4.900000095367432;361100;-3.92;144.0200000000001;4.900000095367432;5.099999904632568;5.099999904632568;-0.03921564960882995;0.020408143405366452;1.4044;5.025;-0.12499990463256871
2023-01-17;4.900000095367432;5.099999904632568;4.900000095367432;5.0;5.0;268250;2.04;146.0600000000001;4.900000095367432;5.099999904632568;4.900000095367432;0.020408143405366452;-0.019999980926513672;1.404;5.079999995231629;-0.0799999952316286
2023-01-18;5.0;5.099999904632568;4.800000190734863;4.900000095367432;4.900000095367432;354240;-2.0;144.0600000000001;4.800000190734863;5.099999904632568;5.0;-0.019999980926513672;0.0;1.4091;5.125;-0.22499990463256836
2023-01-19;4.800000190734863;5.0;4.800000190734863;4.900000095367432;4.900000095367432;183370;0.0;144.0600000000001;4.800000190734863;5.0;4.800000190734863;0.0;0.04081628681073313;1.4091;5.170000004768371;-0.26999990940093976
2023-01-20;5.0;5.099999904632568;4.800000190734863;5.099999904632568;5.099999904632568;373590;4.08;148.1400000000001;4.800000190734863;5.099999904632568;5.0;0.04081628681073313;-0.01960782480441492;0.8094;5.159999990463257;-0.06000008583068883
2023-01-23;5.0;5.300000190734863;4.900000095367432;5.0;5.0;363690;-1.96;146.1800000000001;4.900000095367432;5.300000190734863;5.0;-0.01960782480441492;0.019999980926513672;0.7347;5.169999980926514;-0.16999998092651403
2023-01-24;5.0;5.099999904632568;4.900000095367432;5.099999904632568;5.099999904632568;207950;2.0;148.1800000000001;4.900000095367432;5.099999904632568;5.0;0.019999980926513672;-0.01960782480441492;0.6351;5.159999966621399;-0.060000061988830566
2023-01-25;5.099999904632568;5.099999904632568;4.900000095367432;5.0;5.0;298440;-1.96;146.22000000000008;4.900000095367432;5.099999904632568;5.099999904632568;-0.01960782480441492;0.0;0.6051;5.159999966621399;-0.15999996662139893
2023-01-26;5.0;5.099999904632568;4.900000095367432;5.0;5.0;299170;0.0;146.22000000000008;4.900000095367432;5.099999904632568;5.0;0.0;0.0;0.6008;5.1549999713897705;-0.1549999713897705
2023-01-27;5.0;5.099999904632568;4.900000095367432;5.0;5.0;208550;0.0;146.22000000000008;4.900000095367432;5.099999904632568;5.0;0.0;0.0;0.5965;5.1549999713897705;-0.1549999713897705
2023-01-30;5.099999904632568;5.099999904632568;4.900000095367432;5.0;5.0;203600;0.0;146.22000000000008;4.900000095367432;5.099999904632568;5.099999904632568;0.0;0.0;0.5921;5.149999976158142;-0.1499999761581421
2023-01-31;5.0;5.0;4.900000095367432;5.0;5.0;304940;0.0;146.22000000000008;4.900000095367432;5.0;5.0;0.0;-0.019999980926513672;0.5877;5.149999976158142;-0.1499999761581421
2023-02-01;5.099999904632568;5.099999904632568;4.800000190734863;4.900000095367432;4.900000095367432;318660;-2.0;144.22000000000008;4.800000190734863;5.099999904632568;5.099999904632568;-0.019999980926513672;0.0;0.5923;5.144999980926514;-0.24499988555908203
2023-02-02;4.900000095367432;5.0;4.800000190734863;4.900000095367432;4.900000095367432;190800;0.0;144.22000000000008;4.800000190734863;5.0;4.900000095367432;0.0;-0.020408143405366563;0.5874;5.134999990463257;-0.2349998950958252
2023-02-03;4.900000095367432;4.900000095367432;4.699999809265137;4.800000190734863;4.800000190734863;175490;-2.04;142.1800000000001;4.699999809265137;4.900000095367432;4.900000095367432;-0.020408143405366563;-0.06250003725290154;0.4577;5.095000004768371;-0.29499981403350795
2023-02-06;4.699999809265137;4.800000190734863;4.400000095367432;4.5;4.5;397260;-6.25;135.9300000000001;4.400000095367432;4.800000190734863;4.699999809265137;-0.06250003725290154;-0.06666670905219185;0.468;5.029999995231629;-0.5299999952316288
2023-02-07;4.400000095367432;4.5;4.199999809265137;4.199999809265137;4.199999809265137;275130;-6.67;129.2600000000001;4.199999809265137;4.5;4.400000095367432;-0.06666670905219185;-0.023809502184254927;0.5011;4.959999990463257;-0.7600001811981203
2023-02-08;4.300000190734863;4.400000095367432;4.099999904632568;4.099999904632568;4.099999904632568;276380;-2.38;126.88000000000011;4.099999904632568;4.400000095367432;4.300000190734863;-0.023809502184254927;0.02439022120941492;0.4879;4.879999995231628;-0.7800000905990601
2023-02-09;4.099999904632568;4.300000190734863;4.099999904632568;4.199999809265137;4.199999809265137;159600;2.44;129.3200000000001;4.099999904632568;4.300000190734863;4.099999904632568;0.02439022120941492;-0.023809502184254927;0.4275;4.829999995231629;-0.6300001859664919
2023-02-10;4.300000190734863;4.300000190734863;4.0;4.099999904632568;4.099999904632568;149810;-2.38;126.94000000000011;4.0;4.300000190734863;4.300000190734863;-0.023809502184254927;0.048780558720578515;0.4291;4.779999995231629;-0.6800000905990604
2023-02-13;4.099999904632568;4.300000190734863;4.0;4.300000190734863;4.300000190734863;187080;4.88;131.8200000000001;4.0;4.300000190734863;4.099999904632568;0.048780558720578515;0.0;0.4633;4.75;-0.4499998092651367
2023-02-14;4.400000095367432;4.699999809265137;4.199999809265137;4.300000190734863;4.300000190734863;441880;0.0;131.8200000000001;4.199999809265137;4.699999809265137;4.400000095367432;0.0;0.04651158148692014;0.4534;4.715000009536743;-0.4149998188018795
2023-02-15;4.300000190734863;4.5;4.199999809265137;4.5;4.5;329710;4.65;136.4700000000001;4.199999809265137;4.5;4.300000190734863;0.04651158148692014;-0.0222222010294596;0.4884;4.695000004768372;-0.19500000476837176
2023-02-16;4.5;4.699999809265137;4.300000190734863;4.400000095367432;4.400000095367432;345840;-2.22;134.2500000000001;4.300000190734863;4.699999809265137;4.5;-0.0222222010294596;0.13636361173361844;0.4925;4.670000004768371;-0.26999990940093976
2023-02-17;4.300000190734863;5.699999809265137;4.300000190734863;5.0;5.0;2624090;13.64;147.8900000000001;4.300000190734863;5.699999809265137;4.300000190734863;0.13636361173361844;0.039999961853027344;0.6881;4.665000009536743;0.334999990463257
2023-02-22;5.099999904632568;5.699999809265137;5.0;5.199999809265137;5.199999809265137;1380590;4.0;151.8900000000001;5.0;5.699999809265137;5.099999904632568;0.039999961853027344;-0.03846150319251662;0.6982;4.675;0.5249998092651369
2023-02-23;5.300000190734863;5.5;4.900000095367432;5.0;5.0;644190;-3.85;148.0400000000001;4.900000095367432;5.5;5.300000190734863;-0.03846150319251662;0.0;0.7098;4.670000004768371;0.3299999952316286
2023-02-24;5.0;5.400000095367432;4.699999809265137;5.0;5.0;794630;0.0;148.0400000000001;4.699999809265137;5.400000095367432;5.0;0.0;-0.060000038146972634;0.7061;4.670000004768371;0.3299999952316286
2023-02-27;5.099999904632568;5.199999809265137;4.699999809265137;4.699999809265137;4.699999809265137;575170;-6.0;142.0400000000001;4.699999809265137;5.199999809265137;5.099999904632568;-0.060000038146972634;-0.0425531526343631;0.7385;4.654999995231629;0.044999814033507946
2023-02-28;4.699999809265137;4.900000095367432;4.400000095367432;4.5;4.5;682290;-4.26;137.78000000000011;4.400000095367432;4.900000095367432;4.699999809265137;-0.0425531526343631;-0.06666670905219185;0.7522;4.629999995231628;-0.12999999523162842
2023-03-01;4.5;4.699999809265137;4.099999904632568;4.199999809265137;4.199999809265137;643490;-6.67;131.11000000000013;4.099999904632568;4.699999809265137;4.5;-0.06666670905219185;-0.04761900436850974;0.7838;4.589999985694885;-0.3900001764297487
2023-03-02;4.199999809265137;4.300000190734863;4.0;4.0;4.0;275750;-4.76;126.35000000000012;4.0;4.300000190734863;4.199999809265137;-0.04761900436850974;0.04999995231628418;0.7959;4.539999985694886;-0.5399999856948856
2023-03-03;4.099999904632568;4.400000095367432;3.9000000953674316;4.199999809265137;4.199999809265137;851230;5.0;131.35000000000014;3.9000000953674316;4.400000095367432;4.099999904632568;0.04999995231628418;0.023809615716916754;0.8225;4.50499997138977;-0.30500016212463343
2023-03-06;4.199999809265137;4.5;4.099999904632568;4.300000190734863;4.300000190734863;787710;2.38;133.73000000000013;4.099999904632568;4.5;4.199999809265137;0.023809615716916754;-0.023255901635817477;0.8292;4.474999976158142;-0.174999785423279
2023-03-07;4.199999809265137;4.400000095367432;4.099999904632568;4.199999809265137;4.199999809265137;481310;-2.33;131.40000000000012;4.099999904632568;4.400000095367432;4.199999809265137;-0.023255901635817477;0.04761911790117157;0.83;4.444999957084656;-0.2450001478195194
2023-03-08;4.199999809265137;4.800000190734863;4.099999904632568;4.400000095367432;4.400000095367432;1063400;4.76;136.1600000000001;4.099999904632568;4.800000190734863;4.199999809265137;0.04761911790117157;0.022727250560256484;0.8215;4.439999961853028;-0.03999986648559606
2023-03-09;4.400000095367432;4.599999904632568;4.400000095367432;4.5;4.5;358020;2.27;138.43000000000012;4.400000095367432;4.599999904632568;4.400000095367432;0.022727250560256484;0.0;0.7856;4.45499997138977;0.04500002861022967
2023-03-10;4.5;4.599999904632568;4.300000190734863;4.5;4.5;359740;0.0;138.43000000000012;4.300000190734863;4.599999904632568;4.5;0.0;0.0;0.7787;4.474999976158142;0.025000023841857733
2023-03-13;4.400000095367432;4.699999809265137;4.300000190734863;4.5;4.5;491940;0.0;138.43000000000012;4.300000190734863;4.699999809265137;4.400000095367432;0.0;-0.0222222010294596;0.7758;4.489999985694885;0.010000014305115101
2023-03-14;4.5;4.599999904632568;4.300000190734863;4.400000095367432;4.400000095367432;332070;-2.22;136.21000000000012;4.300000190734863;4.599999904632568;4.5;-0.0222222010294596;0.022727250560256484;0.775;4.504999995231628;-0.10499989986419678
2023-03-15;4.300000190734863;4.900000095367432;4.199999809265137;4.5;4.5;877810;2.27;138.48000000000013;4.199999809265137;4.900000095367432;4.300000190734863;0.022727250560256484;0.0;0.7607;4.514999985694885;-0.014999985694885254
2023-03-16;4.599999904632568;4.800000190734863;4.5;4.5;4.5;638650;0.0;138.48000000000013;4.5;4.800000190734863;4.599999904632568;0.0;-0.0222222010294596;0.7607;4.524999976158142;-0.02499997615814209
2023-03-17;4.400000095367432;4.599999904632568;4.300000190734863;4.400000095367432;4.400000095367432;204020;-2.22;136.26000000000013;4.300000190734863;4.599999904632568;4.400000095367432;-0.0222222010294596;-0.04545460949259217;0.748;4.519999980926514;-0.11999988555908203
2023-03-20;4.400000095367432;4.5;4.199999809265137;4.199999809265137;4.199999809265137;386530;-4.55;131.71000000000012;4.199999809265137;4.5;4.400000095367432;-0.04545460949259217;-0.023809502184254927;0.7616;4.509999966621399;-0.31000015735626185
2023-03-21;4.199999809265137;4.300000190734863;4.0;4.099999904632568;4.099999904632568;502980;-2.38;129.33000000000013;4.0;4.300000190734863;4.199999809265137;-0.023809502184254927;0.02439022120941492;0.5643;4.464999961853027;-0.3650000572204588
2023-03-22;4.199999809265137;4.5;4.099999904632568;4.199999809265137;4.199999809265137;910400;2.44;131.77000000000012;4.099999904632568;4.5;4.199999809265137;0.02439022120941492;-0.04761900436850974;0.5488;4.414999961853027;-0.21500015258789062
2023-03-23;4.199999809265137;4.300000190734863;3.9000000953674316;4.0;4.0;651650;-4.76;127.01000000000012;3.9000000953674316;4.300000190734863;4.199999809265137;-0.04761900436850974;0.02499997615814209;0.556;4.3649999618530275;-0.3649999618530275
2023-03-24;4.0;4.300000190734863;4.0;4.099999904632568;4.099999904632568;527020;2.5;129.5100000000001;4.0;4.300000190734863;4.0;0.02499997615814209;0.048780558720578515;0.5692;4.319999957084656;-0.22000005245208776
2023-03-27;4.5;4.699999809265137;4.300000190734863;4.300000190734863;4.300000190734863;879470;4.88;134.3900000000001;4.300000190734863;4.699999809265137;4.5;0.048780558720578515;0.02325579074346007;0.5715;4.2999999761581424;2.1457672083613488e-07
2023-03-28;4.300000190734863;4.5;4.199999809265137;4.400000095367432;4.400000095367432;288440;2.33;136.7200000000001;4.199999809265137;4.5;4.300000190734863;0.02325579074346007;-0.04545460949259217;0.56;4.294999980926514;0.10500011444091761
2023-03-29;4.599999904632568;4.699999809265137;4.099999904632568;4.199999809265137;4.199999809265137;981230;-4.55;132.1700000000001;4.099999904632568;4.699999809265137;4.599999904632568;-0.04545460949259217;-0.023809502184254927;0.5311;4.294999980926514;-0.09500017166137731
2023-03-30;4.199999809265137;4.300000190734863;4.0;4.099999904632568;4.099999904632568;561200;-2.38;129.7900000000001;4.0;4.300000190734863;4.199999809265137;-0.023809502184254927;-0.02439022120941492;0.5087;4.2999999761581424;-0.20000007152557409
2023-03-31;4.099999904632568;4.099999904632568;4.0;4.0;4.0;545810;-2.44;127.35000000000011;4.0;4.099999904632568;4.099999904632568;-0.02439022120941492;-0.10000002384185791;0.4829;4.289999985694886;-0.2899999856948856
2023-04-03;3.9000000953674316;3.9000000953674316;3.5;3.5999999046325684;3.5999999046325684;2158100;-10.0;117.35000000000011;3.5;3.9000000953674316;3.9000000953674316;-0.10000002384185791;-0.02777775202268362;0.5845;4.25499997138977;-0.6550000667572018
2023-04-04;3.5999999046325684;3.700000047683716;3.4000000953674316;3.5;3.5;745420;-2.78;114.5700000000001;3.4000000953674316;3.700000047683716;3.5999999046325684;-0.02777775202268362;-0.05714287076677593;0.5863;4.219999980926514;-0.7199999809265138
2023-04-05;3.4000000953674316;3.5;3.299999952316284;3.299999952316284;3.299999952316284;810910;-5.71;108.86000000000011;3.299999952316284;3.5;3.4000000953674316;-0.05714287076677593;0.0;0.5712;4.1649999737739565;-0.8650000214576723
2023-04-06;3.299999952316284;3.5;3.299999952316284;3.299999952316284;3.299999952316284;523160;0.0;108.86000000000011;3.299999952316284;3.5;3.299999952316284;0.0;0.03030307408973054;0.5575;4.104999971389771;-0.8050000190734865
2023-04-10;3.4000000953674316;3.5999999046325684;3.299999952316284;3.4000000953674316;3.4000000953674316;424360;3.03;111.89000000000011;3.299999952316284;3.5999999046325684;3.4000000953674316;0.03030307408973054;0.02941173583166079;0.5782;4.0499999761581424;-0.6499998807907108
2023-04-11;3.4000000953674316;3.5999999046325684;3.4000000953674316;3.5;3.5;762640;2.94;114.83000000000011;3.4000000953674316;3.5999999046325684;3.4000000953674316;0.02941173583166079;0.0;0.5963;3.999999976158142;-0.4999999761581422
2023-04-12;3.5999999046325684;3.5999999046325684;3.4000000953674316;3.5;3.5;407400;0.0;114.83000000000011;3.4000000953674316;3.5999999046325684;3.5999999046325684;0.0;0.057142870766776044;0.5963;3.9549999713897703;-0.45499997138977033
2023-04-13;3.5999999046325684;3.9000000953674316;3.5;3.700000047683716;3.700000047683716;2055610;5.71;120.5400000000001;3.5;3.9000000953674316;3.5999999046325684;0.057142870766776044;-0.02702706534118826;0.6333;3.9149999737739565;-0.21499992609024066
2023-04-14;3.700000047683716;3.799999952316284;3.5999999046325684;3.5999999046325684;3.5999999046325684;386310;-2.7;117.8400000000001;3.5999999046325684;3.799999952316284;3.700000047683716;-0.02702706534118826;0.0;0.6355;3.8699999690055846;-0.27000006437301627
2023-04-17;3.5999999046325684;3.799999952316284;3.5;3.5999999046325684;3.5999999046325684;486820;0.0;117.8400000000001;3.5;3.799999952316284;3.5999999046325684;0.0;0.0;0.6349;3.8299999594688416;-0.23000005483627328
2023-04-18;3.700000047683716;3.799999952316284;3.5;3.5999999046325684;3.5999999046325684;389170;0.0;117.8400000000001;3.5;3.799999952316284;3.700000047683716;0.0;-0.02777775202268362;0.6208;3.7999999642372133;-0.20000005960464495
2023-04-19;3.5999999046325684;3.5999999046325684;3.4000000953674316;3.5;3.5;346510;-2.78;115.0600000000001;3.4000000953674316;3.5999999046325684;3.5999999046325684;-0.02777775202268362;0.028571401323590928;0.6224;3.7699999690055845;-0.26999996900558454
2023-04-20;3.5;3.5999999046325684;3.4000000953674316;3.5999999046325684;3.5999999046325684;206030;2.86;117.9200000000001;3.4000000953674316;3.5999999046325684;3.5;0.028571401323590928;-0.02777775202268362;0.6254;3.739999973773956;-0.14000006914138785
2023-04-24;3.5;3.5999999046325684;3.4000000953674316;3.5;3.5;342540;-2.78;115.1400000000001;3.4000000953674316;3.5999999046325684;3.5;-0.02777775202268362;-0.028571401323590928;0.6121;3.7149999737739563;-0.2149999737739563
2023-04-25;3.5;3.5999999046325684;3.4000000953674316;3.4000000953674316;3.4000000953674316;189320;-2.86;112.2800000000001;3.4000000953674316;3.5999999046325684;3.5;-0.028571401323590928;0.02941173583166079;0.6056;3.6799999833106996;-0.2799998879432679
2023-04-26;3.4000000953674316;3.5999999046325684;3.4000000953674316;3.5;3.5;503150;2.94;115.2200000000001;3.4000000953674316;3.5999999046325684;3.4000000953674316;0.02941173583166079;0.028571401323590928;0.5849;3.639999973773956;-0.13999997377395612
2023-04-27;3.5;3.799999952316284;3.5;3.5999999046325684;3.5999999046325684;497190;2.86;118.0800000000001;3.5;3.799999952316284;3.5;0.028571401323590928;0.0;0.5891;3.599999964237213;-5.960464477539063e-08
2023-04-28;3.700000047683716;3.799999952316284;3.5;3.5999999046325684;3.5999999046325684;462260;0.0;118.0800000000001;3.5;3.799999952316284;3.700000047683716;0.0;-0.02777775202268362;0.574;3.569999969005585;0.029999935626983554
2023-05-02;3.700000047683716;3.700000047683716;3.4000000953674316;3.5;3.5;417480;-2.78;115.3000000000001;3.4000000953674316;3.700000047683716;3.700000047683716;-0.02777775202268362;0.028571401323590928;0.5757;3.5399999737739565;-0.039999973773956476
2023-05-03;3.5;3.5999999046325684;3.4000000953674316;3.5999999046325684;3.5999999046325684;416180;2.86;118.1600000000001;3.4000000953674316;3.5999999046325684;3.5;0.028571401323590928;-0.02777775202268362;0.5854;3.5199999690055845;0.07999993562698382
2023-05-04;3.5999999046325684;3.700000047683716;3.4000000953674316;3.5;3.5;373200;-2.78;115.3800000000001;3.4000000953674316;3.700000047683716;3.5999999046325684;-0.02777775202268362;0.057142870766776044;0.475;3.514999973773956;-0.014999973773956121
2023-05-05;3.5999999046325684;3.700000047683716;3.5;3.700000047683716;3.700000047683716;219290;5.71;121.09000000000009;3.5;3.700000047683716;3.5999999046325684;0.057142870766776044;0.05405406624492359;0.5061;3.524999976158142;0.17500007152557373
2023-05-08;3.700000047683716;4.400000095367432;3.5999999046325684;3.9000000953674316;3.9000000953674316;2335750;5.41;126.50000000000009;3.5999999046325684;4.400000095367432;3.700000047683716;0.05405406624492359;0.02564100056083385;0.4835;3.5549999833106996;0.3450001120567321
2023-05-09;4.0;4.300000190734863;3.799999952316284;4.0;4.0;1637600;2.56;129.0600000000001;3.799999952316284;4.300000190734863;4.0;0.02564100056083385;0.125;0.4859;3.5899999856948854;0.41000001430511457
2023-05-10;4.199999809265137;4.599999904632568;4.099999904632568;4.5;4.5;1828980;12.5;141.5600000000001;4.099999904632568;4.599999904632568;4.199999809265137;0.125;-0.0222222010294596;0.6323;3.6449999809265137;0.8550000190734863
2023-05-11;4.599999904632568;4.800000190734863;4.400000095367432;4.400000095367432;4.400000095367432;797540;-2.22;139.3400000000001;4.400000095367432;4.800000190734863;4.599999904632568;-0.0222222010294596;-0.11363636117336184;0.643;3.689999985694885;0.7100001096725466
2023-05-12;4.5;4.599999904632568;3.799999952316284;3.9000000953674316;3.9000000953674316;1458610;-11.36;127.98000000000009;3.799999952316284;4.599999904632568;4.5;-0.11363636117336184;-0.025641061693801315;0.783;3.709999990463257;0.19000010490417463
2023-05-15;4.0;4.099999904632568;3.5999999046325684;3.799999952316284;3.799999952316284;878170;-2.56;125.42000000000009;3.5999999046325684;4.099999904632568;4.0;-0.025641061693801315;-0.07894735686336518;0.7671;3.7149999856948854;0.08499996662139875
2023-05-16;3.700000047683716;3.799999952316284;3.5;3.5;3.5;610760;-7.89;117.53000000000009;3.5;3.799999952316284;3.700000047683716;-0.07894735686336518;0.028571401323590928;0.8142;3.709999990463257;-0.209999990463257
2023-05-17;3.5999999046325684;3.5999999046325684;3.4000000953674316;3.5999999046325684;3.5999999046325684;451510;2.86;120.39000000000009;3.4000000953674316;3.5999999046325684;3.5999999046325684;0.028571401323590928;0.0;0.8206;3.709999990463257;-0.11000008583068865
2023-05-18;3.5999999046325684;3.5999999046325684;3.4000000953674316;3.5999999046325684;3.5999999046325684;371530;0.0;120.39000000000009;3.4000000953674316;3.5999999046325684;3.5999999046325684;0.0;-0.02777775202268362;0.8206;3.709999990463257;-0.11000008583068865
2023-05-19;3.5;3.799999952316284;3.5;3.5;3.5;594490;-2.78;117.61000000000008;3.5;3.799999952316284;3.5;-0.02777775202268362;0.0;0.8206;3.709999990463257;-0.209999990463257
2023-05-22;3.5999999046325684;3.5999999046325684;3.5;3.5;3.5;139230;0.0;117.61000000000008;3.5;3.5999999046325684;3.5999999046325684;0.0;0.0;0.8142;3.7049999952316286;-0.2049999952316286
2023-05-23;3.5;3.700000047683716;3.4000000953674316;3.5;3.5;696320;0.0;117.61000000000008;3.4000000953674316;3.700000047683716;3.5;0.0;0.0;0.8077;3.7049999952316286;-0.2049999952316286
2023-05-24;3.4000000953674316;3.5999999046325684;3.4000000953674316;3.5;3.5;488720;0.0;117.61000000000008;3.4000000953674316;3.5999999046325684;3.4000000953674316;0.0;0.0;0.8;3.709999990463257;-0.209999990463257
2023-05-25;3.5;3.5999999046325684;3.4000000953674316;3.5;3.5;327360;0.0;117.61000000000008;3.4000000953674316;3.5999999046325684;3.5;0.0;0.0;0.7937;3.709999990463257;-0.209999990463257
2023-05-26;3.5;3.5999999046325684;3.4000000953674316;3.5;3.5;336670;0.0;117.61000000000008;3.4000000953674316;3.5999999046325684;3.5;0.0;0.0;0.7871;3.7049999952316286;-0.2049999952316286
2023-05-29;3.5;3.5999999046325684;3.4000000953674316;3.5;3.5;131750;0.0;117.61000000000008;3.4000000953674316;3.5999999046325684;3.5;0.0;-0.028571401323590928;0.7871;3.7;-0.20000000000000018
2023-05-30;3.5;3.5999999046325684;3.4000000953674316;3.4000000953674316;3.4000000953674316;210130;-2.86;114.75000000000009;3.4000000953674316;3.5999999046325684;3.5;-0.028571401323590928;0.0;0.7875;3.6950000047683718;-0.2949999094009401
2023-05-31;3.4000000953674316;3.5;3.4000000953674316;3.4000000953674316;3.4000000953674316;130200;0.0;114.75000000000009;3.4000000953674316;3.5;3.4000000953674316;0.0;0.02941173583166079;0.7801;3.685000014305115;-0.2849999189376833
2023-06-01;3.5;3.5;3.4000000953674316;3.5;3.5;331660;2.94;117.69000000000008;3.4000000953674316;3.5;3.5;0.02941173583166079;-0.028571401323590928;0.7812;3.685000014305115;-0.18500001430511492
2023-06-02;3.5;3.5999999046325684;3.4000000953674316;3.4000000953674316;3.4000000953674316;439740;-2.86;114.83000000000008;3.4000000953674316;3.5999999046325684;3.5;-0.028571401323590928;0.02941173583166079;0.7586;3.6700000166893005;-0.2699999213218689
2023-06-05;3.4000000953674316;3.5999999046325684;3.4000000953674316;3.5;3.5;470580;2.94;117.77000000000008;3.4000000953674316;3.5999999046325684;3.4000000953674316;0.02941173583166079;0.028571401323590928;0.7388;3.650000011920929;-0.15000001192092904
2023-06-06;3.5999999046325684;3.9000000953674316;3.5999999046325684;3.5999999046325684;3.5999999046325684;1103510;2.86;120.63000000000008;3.5999999046325684;3.9000000953674316;3.5999999046325684;0.028571401323590928;-0.02777775202268362;0.7404;3.6300000071525576;-0.03000010251998919
2023-06-07;3.700000047683716;3.799999952316284;3.5;3.5;3.5;586310;-2.78;117.85000000000008;3.5;3.799999952316284;3.700000047683716;-0.02777775202268362;0.028571401323590928;0.5645;3.5800000071525573;-0.08000000715255728
2023-06-09;3.5;3.700000047683716;3.5;3.5999999046325684;3.5999999046325684;461720;2.86;120.71000000000008;3.5;3.700000047683716;3.5;0.028571401323590928;-0.04999995364083065;0.5807;3.5399999976158143;0.05999990701675406
2023-06-12;3.3299999237060547;3.549999952316284;3.3299999237060547;3.4200000762939453;3.4200000762939453;1227600;-5.0;115.71000000000008;3.3299999237060547;3.549999952316284;3.3299999237060547;-0.04999995364083065;-0.05555557104734077;0.4605;3.51599999666214;-0.09599992036819449
2023-06-13;3.430000066757202;3.440000057220459;3.2100000381469727;3.2300000190734863;3.2300000190734863;1058000;-5.56;110.15000000000008;3.2100000381469727;3.440000057220459;3.430000066757202;-0.05555557104734077;-0.03095972261364044;0.4887;3.4875;-0.2574999809265135
2023-06-14;3.240000009536743;3.240000009536743;3.119999885559082;3.130000114440918;3.130000114440918;711900;-3.1;107.05000000000008;3.119999885559082;3.240000009536743;3.240000009536743;-0.03095972261364044;-0.019169386263373167;0.4208;3.469000005722046;-0.33899989128112784
2023-06-15;3.119999885559082;3.119999885559082;3.009999990463257;3.069999933242798;3.069999933242798;754500;-1.92;105.13000000000008;3.009999990463257;3.119999885559082;3.119999885559082;-0.019169386263373167;0.01954403338854238;0.4037;3.4425000071525576;-0.3725000739097597
2023-06-16;3.0299999713897705;3.240000009536743;3.009999990463257;3.130000114440918;3.130000114440918;836700;1.95;107.08000000000008;3.009999990463257;3.240000009536743;3.0299999713897705;0.01954403338854238;0.06389770030435304;0.4144;3.4190000176429747;-0.2889999032020567
2023-06-19;3.109999895095825;3.380000114440918;3.0999999046325684;3.3299999237060547;3.3299999237060547;1470700;6.39;113.47000000000008;3.0999999046325684;3.380000114440918;3.109999895095825;0.06389770030435304;-0.018018001247509186;0.4757;3.4105000138282775;-0.08050009012222281
2023-06-20;3.2799999713897705;3.380000114440918;3.2200000286102295;3.2699999809265137;3.2699999809265137;811800;-1.8;111.67000000000009;3.2200000286102295;3.380000114440918;3.2799999713897705;-0.018018001247509186;-0.012232404307749856;0.4789;3.399000012874603;-0.1290000319480895
2023-06-21;3.2799999713897705;3.309999942779541;3.2200000286102295;3.2300000190734863;3.2300000190734863;648800;-1.22;110.45000000000009;3.2200000286102295;3.309999942779541;3.2799999713897705;-0.012232404307749856;-0.021671805829548307;0.4799;3.3855000138282776;-0.15549999475479126
2023-06-22;3.2200000286102295;3.2200000286102295;3.0999999046325684;3.1600000858306885;3.1600000858306885;598700;-2.17;108.28000000000009;3.0999999046325684;3.2200000286102295;3.2200000286102295;-0.021671805829548307;0.00632910771622841;0.4839;3.368500018119812;-0.20849993228912345
2023-06-23;3.130000114440918;3.259999990463257;3.119999885559082;3.180000066757202;3.180000066757202;462200;0.63;108.91000000000008;3.119999885559082;3.259999990463257;3.130000114440918;0.00632910771622841;-0.02201263213580984;0.4852;3.352500021457672;-0.17249995470046997
2023-06-26;3.180000066757202;3.2100000381469727;3.0999999046325684;3.109999895095825;3.109999895095825;385700;-2.2;106.71000000000008;3.0999999046325684;3.2100000381469727;3.180000066757202;-0.02201263213580984;0.025723525666604186;0.4889;3.3330000162124636;-0.22300012111663836
2023-06-27;3.119999885559082;3.240000009536743;3.069999933242798;3.190000057220459;3.190000057220459;1161300;2.57;109.28000000000007;3.069999933242798;3.240000009536743;3.119999885559082;0.025723525666604186;-0.040752386241080796;0.5011;3.3175000190734862;-0.12749996185302725
2023-06-28;3.200000047683716;3.240000009536743;3.059999942779541;3.059999942779541;3.059999942779541;686900;-4.08;105.20000000000007;3.059999942779541;3.240000009536743;3.200000047683716;-0.040752386241080796;0.00653594160147164;0.5107;3.300500011444092;-0.24050006866455087
2023-06-29;3.0899999141693115;3.1600000858306885;3.059999942779541;3.0799999237060547;3.0799999237060547;614800;0.65;105.85000000000008;3.059999942779541;3.1600000858306885;3.0899999141693115;0.00653594160147164;0.003246750230832429;0.512;3.284500002861023;-0.20450007915496826
2023-06-30;3.119999885559082;3.1600000858306885;3.0799999237060547;3.0899999141693115;3.0899999141693115;448000;0.32;106.17000000000007;3.0799999237060547;3.1600000858306885;3.119999885559082;0.003246750230832429;0.009708728874782357;0.4973;3.2639999985694885;-0.174000084400177
2023-07-03;3.0999999046325684;3.1700000762939453;3.0999999046325684;3.119999885559082;3.119999885559082;403000;0.97;107.14000000000007;3.0999999046325684;3.1700000762939453;3.0999999046325684;0.009708728874782357;0.038461579608730645;0.4925;3.249999988079071;-0.13000010251998884
2023-07-04;3.119999885559082;3.309999942779541;3.109999895095825;3.240000009536743;3.240000009536743;1018000;3.85;110.99000000000007;3.109999895095825;3.309999942779541;3.119999885559082;0.038461579608730645;-0.006172833601124972;0.5016;3.236999988555908;0.003000020980834961
2023-07-05;3.240000009536743;3.299999952316284;3.2100000381469727;3.2200000286102295;3.2200000286102295;505000;-0.62;110.37000000000006;3.2100000381469727;3.299999952316284;3.240000009536743;-0.006172833601124972;-0.043478293062189755;0.4872;3.2179999947547913;0.0020000338554382324
2023-07-06;3.2200000286102295;3.2300000190734863;3.0799999237060547;3.0799999237060547;3.0799999237060547;451500;-4.35;106.02000000000007;3.0799999237060547;3.2300000190734863;3.2200000286102295;-0.043478293062189755;0.025974079255291826;0.4999;3.196999990940094;-0.11700006723403922
2023-07-07;3.130000114440918;3.200000047683716;3.119999885559082;3.1600000858306885;3.1600000858306885;473900;2.6;108.62000000000006;3.119999885559082;3.200000047683716;3.130000114440918;0.025974079255291826;;0.4976;3.175;-0.014999914169311346
